28 957 
167 345 
901 910 
592 84 
785 122 
91 172 
685 856 
57 575 
699 446 
28 969 
677 239 
891 927 
967 886 
901 62 
756 773 
184 305 
109 311 
374 290 
389 10 
837 163 
877 664 
416 731 
431 682 
316 257 
79 696 
976 214 
941 424 
213 267 
251 865 
164 744 
961 982 
81 190 
44 781 
365 80 
452 983 
633 485 
973 224 
889 575 
269 107 
185 705 
314 611 
265 772 
350 468 
907 215 
183 662 
482 941 
361 675 
893 556 
423 248 
638 816 
851 627 
655 625 
244 222 
395 799 
974 609 
390 282 
633 323 
992 610 
998 616 
541 735 
987 206 
564 967 
522 752 
491 510 
804 511 
838 617 
606 390 
722 959 
711 825 
70 621 
636 624 
822 832 
553 95 
213 409 
496 715 
689 258 
837 809 
413 502 
844 308 
871 813 
500 614 
143 965 
592 334 
866 140 
407 74 
775 969 
812 776 
895 536 
901 78 
988 106 
603 820 
936 483 
747 271 
330 340 
468 398 
634 251 
763 246 
406 892 
578 137 
863 371 
264 683 
802 491 
951 119 
186 969 
105 315 
499 794 
766 491 
946 733 
663 717 
571 454 
771 732 
520 992 
433 548 
933 737 
449 298 
353 784 
223 250 
488 498 
329 376 
548 579 
63 612 
555 897 
581 37 
767 176 
529 881 
493 986 
394 171 
859 796 
251 561 
717 715 
579 515 
390 66 
346 388 
172 327 
827 347 
645 299 
950 131 
309 193 
940 100 
514 82 
981 79 
867 772 
661 972 
502 428 
862 911 
463 889 
18 668 
630 127 
522 369 
796 646 
362 839 
329 790 
53 177 
354 703 
350 343 
86 374 
748 604 
638 137 
811 714 
479 480 
257 454 
803 647 
379 58 
997 299 
93 325 
332 372 
795 862 
558 185 
131 117 
710 46 
35 810 
300 310 
61 718 
724 3 
896 578 
799 403 
916 405 
742 884 
586 679 
827 613 
920 516 
34 167 
114 439 
797 652 
328 137 
121 56 
98 396 
59 73 
816 531 
699 142 
792 404 
27 980 
655 688 
665 425 
227 327 
120 978 
134 609 
205 637 
963 848 
341 109 
38 100 
56 625 
999 312 
379 584 
943 858 
745 379 
886 665 
543 270 
876 0 
652 757 
965 31 
367 184 
551 400 
431 827 
376 345 
624 259 
591 279 
147 98 
476 116 
229 138 
284 399 
706 538 
218 999 
924 723 
989 687 
274 326 
65 206 
341 165 
914 17 
710 731 
691 222 
636 52 
632 229 
709 172 
259 132 
949 757 
951 771 
612 683 
70 462 
996 458 
746 188 
35 605 
446 551 
740 554 
390 468 
251 409 
432 269 
303 335 
541 986 
474 12 
811 524 
206 746 
517 136 
600 743 
175 54 
584 475 
569 341 
257 33 
455 615 
88 188 
515 447 
79 563 
128 910 
464 129 
122 94 
793 721 
58 874 
663 704 
352 537 
63 390 
758 136 
87 504 
458 288 
381 664 
558 289 
459 796 
162 943 
645 627 
927 251 
131 191 
206 454 
447 599 
769 735 
464 164 
383 46 
339 454 
569 8 
492 706 
752 873 
807 535 
741 223 
530 486 
280 846 
752 750 
162 256 
442 836 
741 175 
746 340 
838 602 
161 432 
605 660 
389 462 
112 198 
55 849 
726 854 
335 9 
499 190 
515 930 
378 926 
23 246 
491 364 
54 117 
329 915 
515 981 
806 629 
856 331 
881 28 
868 191 
593 741 
527 675 
930 991 
888 32 
579 825 
677 537 
557 694 
256 885 
696 705 
832 924 
77 74 
363 539 
232 63 
675 531 
235 220 
584 618 
568 501 
132 199 
794 781 
464 870 
939 747 
874 508 
729 583 
339 2 
900 341 
755 500 
937 458 
984 712 
69 658 
798 295 
486 26 
748 565 
861 278 
820 735 
844 214 
682 513 
213 444 
512 162 
339 944 
950 915 
957 939 
347 832 
281 988 
0 987 
684 755 
730 773 
186 853 
237 569 
888 673 
943 346 
10 845 
783 466 
859 211 
102 499 
99 758 
217 658 
347 669 
702 41 
760 427 
594 981 
316 467 
201 505 
686 775 
750 402 
351 441 
933 236 
111 274 
124 342 
279 557 
775 802 
337 13 
440 234 
49 630 
633 273 
441 131 
693 586 
86 270 
483 513 
320 713 
924 466 
179 979 
349 469 
612 834 
121 355 
315 943 
706 784 
68 642 
962 689 
605 105 
22 988 
906 407 
668 221 
350 776 
475 137 
25 211 
220 479 
252 285 
388 220 
877 163 
892 847 
374 903 
831 306 
632 471 
578 529 
720 1 
144 666 
803 60 
189 576 
833 952 
784 890 
238 350 
995 574 
562 735 
918 670 
56 93 
331 814 
12 478 
914 797 
504 264 
96 226 
438 812 
142 372 
644 264 
669 673 
665 717 
629 403 
640 719 
938 832 
249 990 
865 50 
701 837 
784 94 
172 660 
295 917 
804 417 
732 140 
723 306 
583 188 
985 968 
593 525 
188 341 
962 597 
848 590 
628 403 
770 656 
111 822 
904 110 
31 404 
202 773 
50 142 
143 5 
308 243 
121 625 
453 200 
796 532 
614 12 
517 631 
757 629 
640 41 
663 780 
662 545 
136 268 
853 661 
642 364 
32 19 
640 519 
389 288 
481 713 
831 944 
954 169 
678 614 
358 971 
908 51 
292 529 
897 543 
512 546 
766 305 
742 700 
828 398 
18 456 
127 394 
241 578 
923 910 
199 510 
587 513 
911 481 
930 283 
753 601 
825 820 
972 30 
631 900 
149 462 
32 406 
371 339 
639 85 
881 79 
757 46 
120 41 
43 274 
35 349 
958 424 
56 402 
583 913 
461 479 
69 830 
514 980 
672 405 
577 448 
58 194 
779 347 
538 789 
424 969 
528 95 
547 965 
698 594 
187 292 
792 481 
658 619 
654 70 
30 734 
279 846 
573 137 
911 251 
311 965 
784 463 
716 508 
194 709 
820 83 
341 558 
906 83 
666 569 
137 306 
417 512 
439 246 
685 534 
292 463 
396 20 
312 906 
768 998 
170 631 
580 433 
344 365 
446 511 
61 48 
264 412 
906 782 
254 920 
795 673 
344 132 
220 775 
380 69 
358 497 
544 555 
102 164 
716 430 
357 245 
83 130 
430 232 
817 220 
549 134 
814 516 
984 102 
909 659 
314 971 
455 590 
50 172 
736 626 
232 290 
270 188 
441 186 
417 411 
538 568 
43 605 
734 949 
211 356 
820 73 
122 593 
817 781 
625 513 
330 18 
813 398 
48 137 
466 577 
344 289 
129 218 
798 946 
78 328 
899 664 
921 622 
917 262 
767 694 
881 319 
988 436 
926 814 
973 581 
570 877 
372 250 
622 570 
43 148 
542 690 
185 957 
512 984 
782 228 
234 711 
471 426 
812 697 
709 670 
856 857 
430 8 
693 381 
947 135 
692 989 
203 155 
346 547 
552 420 
656 300 
711 657 
114 578 
534 970 
581 527 
870 203 
134 991 
106 631 
320 685 
849 334 
517 257 
770 821 
854 237 
423 63 
555 624 
375 437 
783 790 
747 102 
822 529 
568 778 
614 615 
459 429 
129 995 
319 529 
989 440 
350 485 
292 545 
289 810 
220 911 
853 71 
835 503 
28 935 
393 924 
436 376 
312 823 
680 397 
892 932 
890 988 
0 397 
797 205 
474 70 
582 309 
221 303 
342 36 
14 267 
443 343 
415 191 
413 827 
2 931 
982 240 
216 138 
387 528 
872 39 
83 850 
596 913 
267 182 
451 209 
98 543 
268 225 
114 877 
175 270 
431 201 
904 628 
169 359 
0 193 
889 431 
593 84 
809 394 
717 789 
986 978 
546 793 
879 782 
145 135 
372 330 
33 788 
934 28 
316 596 
861 945 
788 8 
333 156 
523 834 
25 509 
210 390 
383 339 
779 172 
231 971 
855 237 
183 49 
321 461 
841 887 
120 825 
393 406 
889 477 
25 715 
915 815 
592 874 
326 696 
91 303 
79 958 
782 956 
412 661 
523 676 
112 768 
709 144 
195 219 
325 181 
278 370 
406 289 
382 309 
545 941 
602 246 
35 55 
313 540 
612 155 
572 634 
920 223 
987 366 
324 760 
629 663 
390 89 
178 210 
466 989 
261 94 
49 859 
110 907 
263 243 
589 26 
3 691 
997 324 
95 420 
180 52 
741 982 
284 626 
302 329 
44 248 
868 357 
624 705 
4 293 
171 396 
395 503 
585 116 
614 761 
742 141 
293 517 
68 799 
658 427 
7 614 
50 486 
513 990 
775 99 
367 771 
278 779 
775 47 
461 142 
32 657 
230 963 
989 262 
38 657 
952 213 
956 895 
666 876 
394 652 
217 811 
605 253 
426 547 
400 195 
652 999 
404 754 
550 216 
971 458 
730 725 
75 601 
594 360 
878 4 
338 759 
724 23 
801 666 
489 372 
626 528 
748 251 
932 697 
365 865 
279 896 
579 176 
429 667 
706 85 
515 750 
787 214 
342 905 
987 162 
837 294 
320 673 
193 810 
345 870 
665 41 
518 935 
744 906 
949 90 
197 262 
549 328 
807 209 
588 242 
970 576 
631 851 
835 872 
212 884 
478 83 
329 387 
878 527 
746 187 
889 421 
831 810 
277 530 
186 127 
186 883 
590 214 
648 420 
507 851 
782 355 
543 691 
433 770 
315 728 
77 954 
91 297 
15 297 
261 518 
756 0 
861 165 
475 489 
929 182 
440 821 
831 643 
433 600 
355 176 
711 195 
487 184 
647 246 
284 268 
678 904 
683 213 
705 414 
292 967 
772 145 
586 725 
201 521 
509 42 
568 908 
733 443 
36 964 
968 890 
157 375 
720 129 
414 931 
353 989 
900 773 
427 773 
875 42 
252 297 
931 947 
388 269 
960 295 
466 279 
528 418 
386 207 
717 309 
53 517 
589 442 
365 576 
724 230 
884 454 
884 756 
677 527 
939 721 
171 327 
888 608 
669 980 
793 930 
336 331 
417 910 
967 359 
751 391 
778 171 
618 17 
879 499 
273 209 
514 673 
39 751 
838 204 
679 562 
379 406 
676 426 
918 280 
365 959 
342 412 
489 61 
132 770 
279 74 
129 132 
279 263 
401 741 
608 315 
572 826 
767 682 
914 672 
376 581 
580 529 
532 102 
557 847 
427 881 
21 953 
555 858 
620 873 
199 742 
532 326 
620 750 
377 44 
523 967 
894 399 
939 653 
528 672 
629 206 
348 717 
122 821 
99 183 
67 476 
247 761 
567 2 
93 853 
389 989 
838 582 
965 359 
746 767 
724 577 
763 84 
28 992 
195 272 
509 918 
513 630 
717 646 
338 907 
958 532 
863 258 
555 346 
72 76 
879 901 
333 447 
894 523 
136 706 
275 309 
692 595 
696 416 
554 760 
960 841 
232 844 
537 431 
724 858 
788 394 
574 72 
152 113 
707 742 
473 703 
887 647 
630 627 
842 371 
396 454 
297 848 
939 970 
929 807 
859 373 
207 786 
167 829 
382 669 
658 437 
98 632 
434 817 
390 527 
832 762 
804 426 
490 242 
858 420 
811 693 
589 862 
246 921 
608 504 
195 69 
136 194 
716 730 
354 508 
918 856 
107 326 
671 314 
934 431 
38 672 
917 556 
912 587 
754 148 
795 534 
6 863 
967 638 
681 180 
813 356 
100 709 
913 874 
821 445 
29 172 
749 618 
97 539 
719 915 
851 950 
135 599 
484 472 
514 231 
289 734 
437 348 
509 438 
712 938 
154 678 
746 413 
144 120 
268 409 
458 301 
564 409 
61 977 
291 28 
516 966 
691 805 
447 1 
237 648 
403 436 
340 36 
514 898 
565 15 
431 443 
365 85 
87 63 
641 125 
447 664 
572 421 
389 16 
898 464 
112 231 
974 929 
417 593 
411 614 
792 994 
952 18 
754 375 
103 751 
583 683 
139 975 
263 566 
284 253 
127 930 
203 243 
964 107 
954 434 
162 942 
414 1 
641 233 
838 901 
894 479 
432 449 
422 249 
242 178 
709 354 
202 397 
334 676 
509 202 
330 913 
576 339 
562 804 
428 530 
348 694 
795 793 
198 293 
691 342 
656 621 
302 22 
419 891 
641 99 
523 398 
556 302 
888 786 
709 279 
795 80 
622 650 
944 219 
314 479 
366 103 
619 716 
356 64 
885 243 
706 758 
337 91 
724 676 
10 778 
652 432 
54 797 
812 717 
881 696 
195 171 
945 317 
33 488 
26 255 
903 11 
170 172 
353 432 
304 705 
984 580 
334 505 
645 642 
246 508 
842 266 
85 504 
275 986 
275 40 
283 446 
138 97 
916 268 
897 483 
88 506 
165 521 
457 618 
358 73 
240 572 
104 123 
311 972 
622 772 
57 208 
235 704 
77 316 
338 10 
223 750 
815 375 
72 869 
206 578 
834 11 
52 883 
802 265 
161 300 
497 177 
74 799 
794 847 
572 39 
189 671 
13 464 
865 551 
76 297 
993 765 
195 977 
469 675 
307 77 
756 541 
244 354 
366 262 
56 546 
854 916 
814 993 
926 76 
824 105 
885 6 
380 98 
218 901 
268 564 
557 70 
668 238 
993 335 
956 971 
280 234 
926 941 
782 751 
492 736 
567 872 
757 98 
919 259 
518 69 
660 329 
607 956 
740 874 
544 550 
395 271 
692 42 
44 613 
38 142 
21 132 
613 855 
810 176 
192 102 
378 616 
76 276 
546 664 
607 961 
238 927 
152 293 
578 307 
439 547 
107 851 
68 938 
783 870 
581 447 
819 390 
169 739 
486 323 
672 514 
426 994 
706 915 
901 967 
143 813 
43 727 
330 389 
648 705 
200 816 
231 319 
590 220 
139 18 
481 216 
979 636 
743 978 
10 870 
230 330 
70 443 
577 246 
292 393 
526 649 
61 830 
719 550 
155 361 
794 482 
16 447 
897 843 
958 215 
425 569 
109 555 
117 129 
632 240 
94 34 
592 99 
40 489 
553 336 
371 852 
591 816 
786 364 
344 746 
341 454 
483 492 
29 206 
408 535 
582 132 
968 570 
266 965 
163 774 
32 246 
996 773 
45 186 
257 870 
696 964 
418 760 
702 144 
653 217 
342 4 
451 878 
452 716 
598 616 
926 836 
240 849 
445 924 
914 11 
372 119 
268 894 
508 638 
499 175 
582 250 
703 388 
972 254 
692 106 
717 441 
519 550 
928 284 
172 901 
702 36 
1 678 
433 753 
912 766 
323 749 
358 379 
565 891 
308 38 
303 625 
603 338 
165 338 
257 729 
872 638 
544 281 
824 379 
965 749 
348 568 
555 910 
298 659 
129 636 
585 499 
474 817 
96 862 
862 406 
458 620 
898 606 
515 559 
455 460 
546 966 
699 224 
645 14 
599 754 
170 314 
348 547 
279 296 
125 839 
54 501 
741 52 
866 501 
928 292 
919 93 
258 595 
793 442 
137 334 
920 132 
289 814 
520 219 
802 811 
884 190 
692 319 
506 117 
93 327 
674 162 
125 921 
702 166 
944 983 
612 379 
984 812 
832 387 
501 201 
301 746 
452 462 
254 397 
775 717 
873 125 
898 479 
824 851 
13 301 
330 332 
6 186 
777 187 
302 571 
445 258 
242 853 
896 952 
375 329 
338 973 
836 223 
28 780 
713 1 
474 597 
905 790 
234 669 
778 185 
237 842 
27 72 
464 52 
877 711 
846 600 
347 628 
24 264 
601 348 
94 592 
428 82 
401 592 
619 472 
972 859 
78 661 
701 269 
138 561 
814 916 
282 982 
646 574 
360 1 
87 311 
855 709 
933 838 
440 563 
604 32 
274 337 
604 832 
188 208 
159 464 
810 978 
953 202 
532 487 
331 136 
948 717 
279 590 
723 238 
18 494 
526 132 
932 92 
441 171 
191 715 
594 908 
447 680 
917 874 
130 492 
928 601 
340 68 
269 128 
349 710 
14 484 
96 378 
59 631 
104 868 
654 121 
391 957 
680 889 
668 787 
483 442 
888 688 
798 635 
858 402 
290 591 
601 851 
791 692 
839 680 
337 579 
596 77 
533 646 
343 595 
972 760 
460 173 
959 324 
176 361 
472 147 
508 335 
165 201 
384 525 
788 12 
669 201 
832 760 
227 478 
433 209 
29 691 
641 131 
549 928 
314 889 
239 917 
62 557 
736 602 
500 250 
378 422 
128 641 
108 537 
46 220 
249 333 
268 370 
88 587 
443 721 
839 429 
805 705 
713 61 
818 877 
922 2 
63 993 
564 591 
564 682 
738 98 
514 219 
740 880 
905 869 
948 147 
752 888 
284 452 
941 757 
733 561 
969 783 
500 788 
406 604 
786 36 
398 260 
972 990 
616 902 
876 195 
323 983 
225 104 
575 0 
80 304 
848 321 
558 402 
911 699 
368 95 
87 98 
233 120 
203 963 
140 301 
513 455 
869 549 
676 703 
29 208 
951 132 
254 964 
804 982 
386 701 
276 65 
271 832 
144 242 
194 498 
104 563 
325 706 
994 569 
297 264 
961 418 
678 22 
834 787 
173 332 
881 929 
764 474 
471 211 
72 38 
611 234 
15 667 
558 328 
871 188 
42 865 
269 435 
242 98 
729 51 
299 17 
356 775 
6 827 
133 916 
538 989 
190 969 
35 568 
630 524 
453 86 
332 774 
429 617 
681 481 
955 383 
411 50 
494 941 
570 437 
964 503 
225 699 
476 128 
317 194 
232 406 
916 311 
726 390 
609 24 
521 998 
676 583 
513 986 
806 809 
44 969 
410 381 
184 914 
909 446 
530 171 
946 322 
445 540 
554 942 
136 689 
425 120 
559 151 
484 538 
611 235 
468 782 
851 422 
992 527 
262 780 
210 818 
562 634 
517 606 
475 803 
205 976 
504 556 
795 766 
213 695 
250 605 
519 299 
932 874 
816 615 
891 852 
134 822 
910 824 
927 630 
566 31 
421 384 
77 426 
863 542 
748 824 
390 955 
373 384 
78 174 
475 20 
992 634 
419 276 
650 582 
429 289 
499 707 
806 595 
78 812 
92 625 
60 25 
433 501 
54 93 
295 128 
111 473 
514 206 
235 258 
88 701 
876 741 
791 387 
129 909 
13 692 
32 188 
857 343 
702 109 
206 50 
654 507 
322 405 
178 879 
593 242 
952 29 
447 518 
545 191 
652 97 
500 190 
589 945 
216 572 
4 998 
514 357 
331 451 
683 392 
616 360 
478 747 
345 111 
68 979 
186 233 
844 872 
450 961 
867 573 
771 663 
865 765 
327 454 
49 857 
567 46 
358 554 
440 785 
397 689 
378 36 
510 810 
551 401 
729 595 
96 264 
161 500 
615 443 
174 973 
240 176 
886 0 
188 921 
463 984 
930 717 
176 593 
472 54 
740 95 
291 253 
439 436 
484 954 
961 87 
174 263 
354 145 
866 923 
662 513 
692 728 
289 298 
702 533 
477 686 
344 465 
306 519 
460 725 
875 123 
932 160 
158 839 
305 605 
153 137 
463 506 
655 942 
481 133 
117 845 
305 195 
522 760 
579 333 
685 945 
587 224 
807 378 
811 589 
112 455 
549 5 
765 487 
953 654 
121 334 
90 866 
225 909 
162 522 
264 617 
842 613 
755 518 
823 639 
443 122 
89 579 
414 596 
835 694 
365 476 
593 597 
730 677 
232 59 
166 403 
657 707 
526 19 
182 657 
657 328 
53 40 
949 921 
160 991 
0 669 
681 855 
769 444 
911 682 
420 572 
275 470 
471 642 
212 154 
244 549 
2 57 
627 857 
77 924 
391 422 
683 519 
856 893 
918 829 
960 35 
513 579 
452 990 
684 741 
352 651 
202 741 
161 595 
811 866 
809 734 
173 51 
859 998 
320 147 
696 458 
906 51 
499 989 
347 225 
960 271 
318 808 
649 789 
741 461 
306 606 
524 307 
322 296 
261 2 
902 787 
881 254 
988 480 
63 721 
559 949 
995 523 
596 815 
383 539 
205 638 
699 126 
299 313 
202 674 
386 120 
860 863 
818 922 
448 487 
388 231 
842 455 
689 706 
534 846 
125 756 
585 155 
443 353 
844 559 
82 360 
208 701 
488 651 
203 149 
564 717 
679 888 
528 107 
92 641 
343 598 
255 432 
396 27 
684 537 
914 868 
42 209 
755 222 
569 571 
283 54 
649 680 
595 316 
177 139 
577 701 
506 463 
332 484 
881 476 
666 965 
526 866 
764 176 
766 3 
256 647 
998 556 
896 563 
668 70 
37 821 
909 678 
108 857 
115 126 
65 904 
225 973 
852 89 
592 68 
997 185 
425 854 
446 994 
832 773 
39 884 
613 648 
616 475 
971 156 
466 748 
343 280 
262 781 
12 26 
507 904 
260 899 
700 470 
966 294 
912 521 
872 970 
909 385 
702 544 
551 605 
120 894 
707 888 
657 741 
923 421 
991 675 
469 784 
522 296 
923 823 
415 171 
548 34 
879 415 
914 113 
367 849 
894 886 
505 300 
791 222 
80 765 
579 188 
55 823 
206 696 
336 37 
652 377 
27 797 
917 59 
308 24 
145 790 
867 894 
154 974 
180 893 
378 735 
566 221 
507 647 
861 918 
704 741 
328 440 
654 473 
639 353 
897 9 
93 371 
672 971 
694 374 
366 290 
726 8 
810 69 
237 582 
300 580 
238 156 
495 43 
847 236 
763 187 
424 59 
53 600 
264 792 
972 751 
646 494 
487 243 
652 428 
122 499 
634 338 
299 195 
452 581 
880 986 
880 853 
900 742 
512 529 
182 727 
262 508 
346 442 
436 174 
458 891 
957 533 
689 402 
274 756 
735 383 
171 274 
820 987 
643 668 
252 204 
420 777 
831 190 
170 640 
831 511 
955 717 
359 237 
437 770 
674 819 
85 658 
36 68 
638 44 
240 355 
631 164 
117 980 
163 408 
321 692 
760 226 
87 438 
357 880 
745 108 
785 317 
238 922 
447 520 
858 75 
293 663 
16 288 
385 674 
905 581 
294 480 
510 901 
270 811 
23 121 
340 197 
262 951 
241 541 
625 10 
858 593 
928 326 
856 520 
450 936 
414 798 
276 755 
99 108 
512 934 
761 648 
556 30 
715 392 
337 728 
877 144 
496 883 
687 594 
297 899 
634 696 
928 297 
686 725 
386 306 
856 384 
43 385 
67 715 
94 687 
130 269 
7 182 
780 613 
408 211 
181 17 
510 915 
349 777 
491 383 
891 338 
728 924 
429 916 
352 126 
828 764 
654 865 
889 317 
1 2 
93 9 
76 990 
238 492 
763 185 
851 387 
132 892 
729 625 
708 798 
696 231 
658 363 
761 354 
956 3 
671 721 
199 460 
881 430 
487 356 
229 391 
701 41 
149 195 
161 955 
59 239 
83 291 
23 754 
96 850 
260 596 
597 933 
836 564 
643 988 
594 684 
994 463 
981 87 
924 781 
277 978 
764 357 
839 915 
74 914 
349 325 
349 855 
489 938 
248 190 
367 915 
164 195 
112 303 
342 94 
62 998 
599 314 
995 911 
853 825 
81 503 
840 974 
870 829 
41 574 
511 818 
861 435 
485 510 
131 202 
460 723 
126 944 
640 329 
739 849 
718 8 
311 628 
231 313 
252 533 
476 550 
734 865 
437 225 
385 798 
946 62 
785 864 
740 367 
488 750 
322 532 
204 377 
558 832 
885 401 
194 85 
522 31 
385 177 
549 804 
339 134 
784 690 
654 612 
78 873 
881 770 
594 426 
356 777 
923 904 
856 634 
930 378 
741 387 
350 919 
851 791 
478 621 
371 173 
849 533 
845 988 
963 533 
279 537 
693 217 
636 443 
698 202 
458 977 
583 931 
345 151 
266 502 
629 492 
133 557 
691 841 
617 625 
901 973 
511 664 
479 3 
502 482 
303 800 
593 225 
66 705 
931 694 
810 957 
248 616 
650 317 
115 940 
526 768 
553 566 
677 107 
45 99 
656 564 
838 356 
679 217 
342 468 
934 841 
94 342 
206 656 
597 415 
128 43 
235 14 
395 921 
318 681 
736 596 
737 653 
45 171 
927 88 
896 668 
997 149 
77 486 
919 647 
165 709 
455 671 
245 892 
645 816 
705 6 
399 970 
228 837 
359 65 
379 877 
196 14 
487 632 
789 305 
566 55 
64 529 
680 181 
169 48 
6 584 
377 631 
610 230 
623 198 
554 855 
492 168 
754 545 
422 867 
424 962 
925 929 
652 996 
976 376 
497 905 
567 829 
734 971 
3 629 
607 485 
709 393 
572 177 
265 778 
418 236 
4 335 
656 610 
127 276 
673 113 
273 855 
608 137 
916 802 
713 802 
77 779 
954 825 
389 22 
101 534 
630 147 
437 573 
266 193 
14 649 
161 148 
732 690 
422 854 
10 493 
549 56 
399 911 
535 321 
136 133 
24 333 
160 788 
813 624 
856 168 
273 446 
208 991 
421 404 
936 859 
824 91 
548 965 
147 931 
722 582 
836 376 
508 938 
354 247 
639 900 
513 720 
351 636 
275 660 
897 959 
19 382 
535 474 
546 388 
337 573 
385 349 
899 991 
402 481 
954 692 
806 217 
154 942 
178 523 
171 90 
319 106 
478 92 
79 5 
888 368 
840 955 
90 463 
547 647 
170 330 
457 67 
844 879 
28 844 
835 764 
58 216 
74 871 
51 22 
441 291 
127 965 
766 881 
239 413 
727 229 
378 387 
545 841 
260 839 
278 642 
852 824 
900 556 
353 608 
609 551 
426 655 
710 128 
579 126 
479 436 
344 479 
795 797 
827 173 
942 574 
515 74 
195 924 
737 285 
67 747 
308 625 
573 390 
263 679 
650 664 
875 670 
29 35 
390 868 
767 584 
873 986 
850 312 
539 817 
3 636 
17 726 
757 794 
435 343 
537 891 
202 723 
500 981 
205 568 
178 331 
326 105 
102 972 
828 748 
478 408 
559 166 
10 779 
263 727 
595 138 
651 142 
139 502 
793 73 
259 734 
790 448 
401 456 
889 707 
443 423 
253 817 
816 277 
846 102 
61 368 
747 903 
40 83 
801 350 
626 913 
322 359 
692 565 
164 332 
653 422 
309 661 
231 861 
894 350 
318 479 
875 247 
863 134 
294 936 
996 114 
54 274 
226 430 
46 793 
528 475 
6 963 
489 369 
154 418 
149 60 
414 408 
477 905 
342 109 
281 858 
34 477 
561 993 
500 475 
183 37 
375 377 
848 13 
792 932 
476 830 
995 369 
645 189 
678 653 
10 183 
996 659 
729 200 
961 741 
284 824 
551 450 
378 411 
342 780 
282 806 
943 865 
237 567 
590 659 
597 940 
634 120 
304 461 
702 645 
760 4 
183 176 
623 31 
844 816 
55 359 
390 139 
683 460 
839 716 
530 478 
220 935 
279 121 
352 46 
998 483 
255 140 
358 746 
328 304 
660 32 
786 882 
53 157 
597 37 
709 999 
724 726 
369 836 
162 113 
993 954 
336 1 
381 76 
675 112 
598 249 
327 647 
191 633 
756 374 
605 797 
972 714 
375 482 
779 345 
150 460 
601 218 
254 689 
322 535 
912 795 
615 481 
204 261 
319 130 
322 413 
206 983 
561 693 
899 404 
125 292 
785 17 
357 644 
438 754 
279 448 
443 905 
914 255 
621 491 
960 502 
683 557 
366 765 
936 984 
839 97 
307 400 
661 324 
599 182 
591 498 
11 605 
4 590 
159 923 
291 324 
38 930 
965 960 
950 904 
380 828 
838 279 
71 879 
457 400 
188 597 
481 937 
441 532 
996 338 
318 421 
399 14 
723 4 
511 7 
567 711 
70 45 
340 20 
29 591 
129 950 
315 522 
616 339 
717 740 
701 115 
397 468 
613 410 
747 316 
949 292 
659 844 
747 398 
379 167 
344 776 
552 232 
282 227 
103 202 
182 743 
30 440 
960 744 
721 772 
342 913 
122 945 
408 813 
250 98 
898 388 
57 713 
298 878 
472 640 
222 490 
590 416 
220 787 
262 449 
465 987 
690 869 
917 202 
741 628 
901 203 
686 955 
57 717 
551 228 
276 768 
587 404 
907 700 
849 365 
880 976 
606 366 
615 884 
986 367 
76 485 
302 560 
214 740 
566 141 
158 636 
459 749 
390 380 
128 807 
526 170 
836 472 
753 571 
769 154 
680 17 
335 192 
56 969 
768 740 
275 850 
368 51 
376 748 
207 604 
937 979 
270 158 
240 764 
255 694 
878 794 
812 388 
295 94 
760 652 
562 928 
624 266 
437 794 
83 962 
39 3 
700 858 
426 68 
732 165 
608 658 
372 949 
916 37 
910 713 
721 29 
406 106 
832 754 
16 343 
881 361 
336 533 
740 537 
348 821 
146 979 
110 610 
890 654 
566 124 
905 885 
17 351 
180 50 
64 664 
605 337 
139 921 
165 341 
577 988 
212 955 
164 874 
40 278 
870 618 
72 307 
85 310 
854 92 
91 846 
80 332 
594 842 
746 290 
355 418 
129 321 
158 232 
143 893 
357 239 
721 126 
71 637 
598 431 
303 384 
381 855 
365 247 
26 864 
242 245 
88 693 
887 428 
92 363 
581 66 
762 30 
96 345 
427 621 
663 399 
515 629 
842 360 
873 138 
774 420 
711 17 
882 859 
894 509 
190 787 
238 147 
789 757 
80 791 
209 159 
612 382 
613 832 
229 507 
865 966 
938 794 
212 621 
989 202 
24 825 
828 527 
862 202 
172 309 
576 818 
991 618 
953 336 
570 642 
623 533 
561 255 
728 961 
682 471 
402 28 
612 447 
428 759 
920 486 
826 955 
377 974 
20 715 
66 923 
972 865 
180 299 
21 355 
398 473 
277 10 
658 467 
39 985 
952 700 
559 608 
629 7 
951 980 
112 724 
469 599 
127 70 
249 786 
361 685 
233 482 
713 658 
167 772 
122 997 
771 921 
737 868 
5 402 
811 719 
927 527 
924 342 
274 905 
731 917 
202 951 
466 106 
843 235 
363 219 
197 937 
932 708 
807 540 
237 258 
479 195 
573 904 
763 279 
682 692 
117 812 
462 202 
506 754 
434 835 
987 251 
918 741 
925 477 
767 431 
775 58 
501 141 
622 98 
56 760 
735 518 
653 562 
406 889 
728 386 
283 76 
497 762 
369 746 
401 150 
940 590 
300 115 
448 252 
445 456 
3 502 
443 667 
561 512 
624 331 
530 860 
242 265 
846 236 
530 565 
87 638 
39 639 
255 330 
786 335 
775 831 
12 837 
63 803 
916 629 
109 723 
572 217 
979 398 
946 998 
595 456 
472 255 
950 583 
967 621 
937 592 
955 299 
646 763 
276 114 
949 480 
541 504 
779 300 
238 651 
740 801 
811 828 
138 179 
373 358 
538 498 
144 773 
247 157 
27 925 
245 45 
971 329 
850 625 
427 794 
518 437 
453 621 
884 100 
440 173 
318 414 
298 115 
951 309 
599 125 
61 711 
276 436 
908 119 
881 967 
246 827 
300 213 
982 448 
9 239 
662 270 
405 303 
336 626 
324 972 
80 171 
766 115 
590 841 
608 427 
911 42 
5 882 
405 35 
532 587 
61 231 
900 260 
498 865 
960 564 
7 51 
834 642 
830 395 
958 124 
913 707 
472 41 
835 541 
387 842 
920 944 
158 896 
69 839 
154 336 
500 772 
829 76 
389 102 
682 368 
764 238 
677 802 
872 656 
635 585 
75 377 
370 717 
996 897 
594 755 
751 306 
736 263 
843 632 
979 225 
483 282 
535 336 
983 398 
956 815 
878 932 
646 57 
417 234 
311 303 
948 838 
814 828 
419 52 
161 472 
262 261 
819 177 
601 957 
131 401 
507 592 
495 326 
946 249 
951 772 
614 57 
191 378 
325 667 
915 786 
407 324 
50 221 
775 144 
359 7 
9 476 
400 556 
628 494 
733 749 
113 497 
995 522 
730 811 
948 797 
589 959 
793 301 
623 417 
16 979 
404 264 
48 712 
37 227 
857 16 
285 58 
154 317 
953 687 
153 929 
785 606 
342 765 
211 393 
418 453 
133 898 
67 488 
722 536 
627 34 
199 127 
271 94 
223 521 
370 674 
191 229 
43 183 
550 266 
18 274 
24 47 
286 450 
868 816 
12 331 
505 254 
385 358 
117 744 
749 195 
672 477 
88 880 
727 393 
71 228 
839 605 
337 810 
140 690 
720 698 
168 148 
268 27 
852 349 
251 722 
972 980 
615 451 
606 486 
277 435 
14 553 
954 77 
399 44 
109 42 
301 373 
362 601 
553 522 
428 969 
811 200 
63 175 
623 119 
636 354 
954 232 
210 547 
869 237 
539 457 
546 300 
401 564 
562 618 
65 769 
575 525 
385 152 
229 722 
179 47 
815 455 
399 171 
602 977 
356 23 
745 662 
108 617 
220 879 
914 360 
521 271 
80 814 
543 92 
487 906 
925 881 
248 288 
844 46 
637 173 
894 910 
682 114 
21 694 
444 1 
493 974 
655 493 
477 311 
783 3 
404 76 
114 462 
665 349 
322 69 
61 215 
665 878 
905 529 
339 255 
649 370 
752 677 
510 343 
53 65 
18 466 
375 541 
416 740 
721 624 
954 11 
77 530 
884 362 
957 91 
764 518 
475 212 
460 125 
891 62 
149 957 
398 739 
339 625 
718 143 
721 816 
772 927 
821 964 
365 934 
492 622 
460 190 
260 243 
150 453 
44 427 
464 689 
284 584 
969 612 
678 922 
719 739 
747 687 
885 154 
606 393 
191 962 
606 994 
241 501 
226 283 
454 703 
707 285 
925 983 
882 828 
245 59 
125 714 
914 739 
31 563 
824 189 
120 407 
857 80 
679 941 
903 351 
819 839 
676 867 
258 997 
571 374 
285 813 
398 182 
773 938 
506 255 
289 150 
963 477 
399 725 
805 992 
3 115 
420 847 
36 565 
480 177 
646 103 
828 871 
730 469 
68 80 
342 645 
878 121 
785 164 
10 255 
771 740 
431 933 
632 6 
242 132 
30 310 
839 507 
930 840 
330 376 
354 576 
527 83 
525 706 
191 635 
8 631 
923 353 
603 740 
365 853 
195 497 
244 812 
934 244 
992 934 
67 368 
126 148 
84 674 
229 900 
306 714 
890 71 
403 141 
588 913 
466 586 
945 97 
635 417 
886 680 
829 243 
555 314 
76 501 
468 619 
605 196 
383 349 
402 575 
871 958 
272 531 
100 576 
406 556 
128 367 
623 974 
197 908 
995 958 
736 270 
113 317 
372 589 
315 748 
282 951 
580 55 
368 193 
910 576 
965 932 
870 62 
125 21 
522 859 
458 993 
570 416 
825 107 
941 305 
91 433 
235 461 
864 665 
164 811 
139 550 
958 797 
662 451 
544 730 
973 213 
384 928 
360 253 
454 14 
87 275 
558 308 
600 895 
631 471 
306 640 
737 308 
753 661 
918 607 
193 514 
686 590 
73 353 
208 613 
963 760 
121 939 
673 957 
24 540 
299 573 
531 47 
266 56 
995 391 
212 16 
496 180 
754 433 
518 703 
197 412 
454 735 
201 101 
913 880 
962 86 
983 582 
483 681 
642 543 
78 399 
223 313 
869 200 
833 168 
257 662 
15 730 
469 684 
302 378 
151 612 
976 29 
730 311 
641 235 
167 762 
877 341 
376 792 
243 490 
447 392 
547 687 
138 262 
439 789 
226 936 
693 719 
923 726 
45 473 
454 929 
288 805 
891 381 
730 988 
216 857 
653 122 
945 419 
107 721 
514 776 
339 406 
516 327 
504 726 
605 989 
622 668 
607 705 
266 254 
111 952 
915 887 
749 370 
408 347 
359 271 
146 186 
662 372 
795 158 
695 544 
339 612 
740 468 
417 827 
105 794 
79 449 
656 624 
824 203 
322 537 
841 725 
313 477 
554 641 
801 358 
770 835 
561 884 
261 208 
980 328 
544 956 
821 960 
771 191 
659 609 
492 494 
236 839 
359 97 
950 112 
247 572 
930 255 
586 560 
527 984 
42 85 
777 306 
361 237 
730 760 
456 128 
881 322 
222 11 
499 505 
138 481 
809 308 
943 917 
65 99 
208 455 
192 781 
277 100 
408 225 
72 985 
269 300 
820 826 
917 629 
577 143 
280 416 
795 302 
778 820 
458 81 
180 865 
331 271 
836 40 
836 968 
741 910 
693 214 
278 960 
185 208 
673 591 
17 968 
411 900 
458 376 
264 771 
152 725 
124 593 
490 359 
145 517 
467 121 
436 981 
953 544 
362 15 
151 199 
702 753 
654 639 
441 650 
175 609 
453 833 
518 517 
880 326 
949 437 
593 680 
848 64 
358 499 
979 956 
417 176 
915 951 
744 729 
298 197 
433 614 
551 425 
937 264 
624 26 
38 474 
32 421 
487 424 
344 72 
183 590 
588 555 
723 629 
311 55 
777 484 
954 734 
537 562 
918 167 
88 500 
634 432 
118 364 
682 607 
652 226 
865 164 
835 135 
520 526 
417 847 
737 72 
595 225 
982 379 
894 485 
440 160 
469 251 
742 457 
363 517 
797 777 
659 594 
747 644 
426 222 
576 630 
34 194 
971 519 
508 337 
82 481 
731 75 
805 360 
998 10 
760 847 
898 912 
701 645 
586 100 
129 288 
974 265 
461 215 
916 565 
587 882 
860 826 
684 154 
751 224 
95 241 
59 753 
217 654 
552 764 
993 329 
393 902 
865 668 
973 329 
574 632 
666 531 
627 679 
102 892 
610 528 
562 405 
839 668 
709 557 
61 885 
219 324 
277 985 
50 26 
354 802 
210 232 
346 971 
979 878 
883 355 
563 329 
180 577 
927 342 
294 682 
237 377 
271 418 
111 450 
456 310 
53 387 
889 570 
92 457 
274 155 
989 579 
326 995 
529 576 
691 932 
545 421 
928 739 
769 562 
843 982 
216 861 
672 339 
618 43 
925 913 
660 85 
716 350 
668 718 
53 668 
513 298 
743 41 
755 789 
350 574 
124 419 
620 586 
329 967 
21 992 
763 269 
580 391 
247 724 
900 783 
548 638 
583 829 
582 400 
546 818 
290 59 
642 616 
630 998 
817 366 
465 823 
492 490 
584 768 
759 263 
0 976 
53 836 
925 227 
319 917 
96 106 
67 519 
605 445 
801 641 
246 281 
828 854 
497 728 
292 160 
777 556 
606 226 
896 457 
986 940 
428 501 
589 938 
722 978 
742 953 
19 705 
653 755 
129 713 
729 779 
405 845 
405 543 
166 24 
41 975 
865 944 
785 533 
141 54 
912 52 
624 979 
740 160 
594 834 
148 7 
662 425 
358 382 
665 475 
861 341 
744 703 
156 447 
288 620 
670 764 
554 570 
440 555 
950 723 
217 943 
821 8 
446 299 
75 303 
738 431 
485 232 
173 874 
301 973 
704 260 
349 831 
400 821 
418 429 
183 620 
266 810 
140 260 
290 565 
257 570 
8 400 
920 803 
61 702 
405 341 
752 550 
711 582 
796 460 
881 278 
68 74 
401 129 
439 793 
99 263 
466 7 
338 452 
300 478 
759 705 
655 454 
984 59 
448 386 
114 546 
790 77 
776 8 
510 194 
11 733 
51 447 
31 204 
54 939 
619 149 
477 148 
816 489 
174 104 
672 977 
988 562 
834 651 
51 549 
959 279 
98 902 
463 885 
738 214 
144 460 
714 657 
310 835 
119 9 
201 388 
395 539 
424 339 
517 991 
342 849 
754 979 
983 758 
965 176 
529 597 
914 270 
821 531 
334 549 
368 40 
532 985 
852 388 
344 841 
190 729 
496 44 
355 999 
846 501 
297 869 
363 944 
685 620 
6 177 
129 396 
943 577 
626 961 
433 837 
774 312 
815 373 
343 422 
721 725 
51 787 
56 816 
90 188 
89 404 
321 539 
994 864 
720 702 
318 499 
478 242 
230 400 
313 704 
890 677 
31 496 
769 146 
567 532 
629 200 
709 332 
632 995 
377 734 
584 541 
635 590 
395 366 
354 924 
499 874 
280 483 
545 816 
806 679 
221 611 
951 80 
626 596 
722 877 
985 897 
744 982 
467 635 
657 691 
860 779 
326 48 
976 384 
708 146 
262 771 
290 751 
507 30 
213 676 
370 586 
12 642 
451 338 
901 845 
898 115 
234 53 
950 353 
519 648 
592 870 
615 790 
85 415 
824 452 
463 459 
387 828 
895 548 
211 15 
351 304 
771 972 
974 704 
903 46 
269 337 
565 766 
541 729 
865 400 
885 961 
358 390 
377 328 
613 325 
396 703 
451 927 
319 453 
16 696 
107 566 
736 323 
290 969 
190 82 
421 78 
633 139 
950 565 
299 893 
324 959 
63 753 
963 315 
57 947 
50 290 
116 190 
774 932 
241 307 
366 962 
378 441 
524 659 
541 328 
722 171 
635 717 
915 895 
732 616 
182 971 
295 364 
628 876 
362 101 
920 410 
954 254 
426 636 
750 286 
874 722 
112 62 
745 870 
676 573 
50 249 
751 432 
268 199 
104 195 
600 404 
682 360 
683 106 
6 364 
268 4 
2 762 
104 970 
462 61 
82 813 
834 724 
718 201 
682 585 
934 309 
385 204 
343 368 
302 381 
849 464 
286 445 
422 766 
314 386 
369 225 
923 932 
307 247 
88 427 
74 608 
373 979 
710 403 
235 650 
891 439 
34 653 
703 477 
51 127 
948 177 
190 251 
70 440 
802 809 
988 176 
965 944 
496 500 
561 839 
353 334 
861 840 
924 125 
796 250 
613 887 
396 561 
789 320 
322 981 
361 650 
799 50 
924 885 
866 712 
135 211 
421 339 
103 638 
582 629 
505 320 
24 928 
458 360 
749 760 
240 306 
684 807 
728 976 
182 619 
435 642 
313 668 
313 504 
733 736 
653 973 
923 11 
523 233 
62 292 
494 387 
118 698 
852 972 
609 876 
807 578 
773 235 
308 124 
94 120 
924 588 
432 757 
442 191 
207 815 
490 896 
818 423 
93 842 
789 889 
638 223 
586 485 
147 756 
482 312 
186 161 
125 163 
688 861 
983 928 
350 722 
721 618 
139 298 
11 357 
323 833 
273 913 
428 465 
179 784 
556 973 
140 402 
6 805 
291 256 
187 235 
731 619 
586 383 
344 487 
827 375 
124 557 
378 988 
927 694 
600 128 
695 951 
308 86 
541 903 
1 855 
864 904 
685 796 
520 286 
75 751 
833 298 
810 635 
452 482 
310 20 
702 89 
451 273 
466 576 
227 588 
568 21 
12 374 
290 619 
923 957 
628 468 
946 873 
373 840 
166 845 
885 875 
912 922 
414 36 
275 747 
52 201 
973 111 
211 608 
323 559 
155 292 
314 728 
442 290 
624 688 
564 877 
15 743 
228 818 
810 175 
11 507 
63 421 
361 574 
388 216 
179 72 
816 649 
220 224 
4 936 
213 612 
848 260 
38 128 
967 245 
182 872 
561 430 
829 541 
450 692 
381 364 
972 197 
210 744 
191 218 
382 707 
378 61 
597 25 
360 105 
558 708 
793 25 
262 291 
547 704 
763 134 
845 395 
120 483 
613 26 
217 293 
69 357 
242 894 
95 254 
27 215 
479 794 
125 851 
300 960 
287 502 
43 176 
249 535 
674 377 
212 332 
30 95 
408 321 
979 24 
473 251 
364 350 
233 298 
278 470 
452 549 
25 323 
377 420 
67 198 
892 107 
638 95 
488 428 
306 525 
618 323 
933 445 
426 302 
526 459 
589 636 
997 821 
680 115 
174 185 
814 449 
65 268 
795 659 
39 55 
302 60 
242 576 
484 322 
847 575 
427 38 
801 736 
543 697 
236 942 
412 174 
204 194 
473 357 
895 48 
813 840 
597 257 
534 789 
345 748 
564 527 
878 989 
434 762 
49 620 
638 985 
782 899 
594 749 
467 952 
653 523 
284 541 
662 404 
917 576 
771 347 
138 823 
726 184 
536 879 
816 988 
795 244 
855 465 
343 824 
758 865 
715 586 
135 711 
22 963 
863 943 
900 217 
220 463 
627 354 
371 273 
544 712 
576 928 
230 198 
235 825 
820 45 
660 467 
473 163 
323 271 
605 744 
864 801 
163 860 
418 753 
609 457 
267 445 
809 800 
660 354 
663 550 
185 737 
326 652 
665 206 
826 985 
323 354 
125 165 
850 861 
704 540 
670 132 
466 200 
976 570 
757 747 
89 624 
40 158 
772 925 
943 972 
730 806 
342 836 
161 111 
153 403 
662 345 
436 68 
377 384 
3 907 
296 663 
639 354 
970 361 
576 316 
493 448 
340 768 
111 886 
886 597 
973 494 
221 864 
635 365 
373 535 
478 849 
186 244 
983 33 
97 514 
622 313 
852 848 
724 405 
301 767 
185 889 
885 632 
205 328 
558 37 
533 851 
793 665 
373 483 
795 447 
212 405 
481 963 
547 718 
892 749 
676 34 
978 304 
797 212 
586 634 
486 30 
895 186 
324 9 
291 876 
900 480 
223 473 
12 754 
527 922 
810 134 
711 160 
68 562 
10 889 
52 581 
253 886 
485 328 
693 164 
890 793 
434 526 
605 414 
29 188 
682 816 
314 753 
295 99 
370 928 
80 529 
247 311 
576 947 
578 594 
474 802 
192 277 
756 284 
507 721 
932 279 
437 583 
172 413 
322 514 
546 138 
495 184 
649 557 
964 507 
933 405 
878 234 
348 854 
400 699 
190 488 
60 442 
660 65 
391 78 
547 518 
259 44 
30 715 
380 627 
271 760 
215 116 
574 729 
76 854 
61 69 
146 845 
621 559 
739 966 
547 673 
323 933 
952 0 
870 269 
972 150 
171 965 
521 945 
541 842 
934 933 
166 173 
391 952 
166 930 
540 817 
146 521 
358 541 
301 966 
629 425 
638 140 
498 639 
811 301 
76 523 
301 395 
56 984 
524 780 
834 328 
341 84 
864 739 
602 854 
622 973 
194 377 
934 669 
95 750 
880 362 
875 373 
232 982 
44 416 
731 832 
683 485 
21 690 
694 168 
647 57 
352 413 
400 10 
15 165 
846 610 
727 112 
203 323 
864 176 
849 641 
647 998 
644 807 
152 900 
528 894 
199 576 
170 836 
193 449 
278 913 
478 347 
727 740 
653 385 
581 524 
912 247 
209 473 
962 986 
346 6 
415 370 
786 705 
70 40 
755 946 
778 886 
90 888 
446 698 
232 34 
837 345 
663 308 
439 773 
539 600 
564 852 
255 359 
876 278 
500 884 
265 248 
708 741 
973 96 
818 899 
452 304 
594 832 
969 134 
513 232 
541 904 
142 103 
976 695 
825 76 
287 322 
261 701 
955 422 
417 571 
77 872 
401 344 
23 365 
277 329 
976 793 
429 361 
940 158 
264 939 
936 934 
302 763 
467 745 
294 274 
255 266 
709 863 
333 700 
261 427 
269 956 
716 216 
75 63 
629 652 
628 27 
868 253 
85 46 
341 842 
457 413 
70 912 
19 623 
609 286 
132 588 
355 245 
466 28 
104 944 
910 72 
861 238 
685 9 
473 178 
516 722 
916 760 
596 353 
901 449 
895 356 
385 667 
826 215 
944 572 
806 791 
884 832 
165 43 
944 512 
176 499 
174 386 
714 718 
467 478 
181 6 
656 317 
479 800 
929 71 
256 877 
485 753 
560 380 
288 995 
737 954 
553 137 
666 830 
294 438 
532 205 
852 5 
321 771 
181 729 
919 245 
20 522 
615 488 
112 313 
743 793 
644 596 
734 181 
398 967 
327 644 
483 30 
477 695 
245 172 
286 607 
687 126 
223 199 
538 723 
876 782 
181 187 
792 876 
380 199 
821 590 
840 760 
864 529 
588 377 
745 90 
827 908 
247 386 
543 904 
369 418 
643 929 
818 866 
195 787 
902 945 
783 343 
389 474 
536 470 
250 650 
971 520 
70 616 
418 11 
237 184 
792 744 
712 291 
894 413 
382 15 
214 994 
5 711 
753 702 
826 34 
395 95 
634 692 
178 615 
347 755 
651 17 
313 854 
112 714 
592 595 
568 729 
326 897 
436 461 
472 606 
485 197 
862 699 
71 724 
93 308 
387 994 
596 170 
192 699 
805 345 
555 497 
390 464 
168 346 
894 714 
752 118 
643 614 
284 781 
439 108 
426 688 
708 525 
491 303 
82 454 
336 666 
654 454 
985 340 
447 455 
740 438 
486 101 
333 775 
259 640 
17 87 
275 262 
107 98 
623 167 
430 818 
656 826 
965 448 
38 228 
374 774 
628 390 
983 523 
626 581 
628 734 
863 838 
270 288 
574 263 
524 748 
915 617 
790 877 
530 356 
271 214 
669 73 
637 103 
799 607 
307 567 
260 438 
243 657 
90 59 
288 509 
618 400 
272 951 
667 599 
670 496 
881 915 
180 295 
50 24 
178 167 
385 376 
869 585 
181 995 
814 118 
860 533 
712 759 
949 614 
365 252 
333 768 
702 650 
655 604 
266 331 
519 122 
505 57 
425 595 
399 755 
796 571 
358 145 
903 108 
966 307 
648 90 
996 29 
844 980 
184 500 
58 262 
698 715 
801 276 
665 931 
172 614 
685 58 
627 476 
150 380 
671 587 
557 61 
148 315 
941 762 
836 593 
588 480 
510 42 
861 622 
4 467 
226 192 
288 442 
762 223 
408 931 
900 741 
907 94 
664 961 
391 829 
391 198 
230 921 
429 881 
223 130 
435 204 
574 531 
49 860 
921 456 
908 108 
744 900 
835 572 
81 287 
856 466 
544 323 
567 754 
741 522 
35 945 
773 372 
28 988 
422 728 
509 239 
548 90 
106 55 
130 673 
534 500 
774 495 
910 314 
119 568 
892 953 
786 74 
355 636 
885 867 
341 37 
913 675 
205 386 
970 612 
215 557 
349 179 
930 180 
61 741 
585 121 
845 257 
686 538 
585 778 
380 960 
9 920 
725 28 
445 872 
493 148 
897 707 
259 689 
360 544 
832 281 
785 952 
901 372 
9 827 
478 846 
748 581 
630 869 
288 611 
354 752 
473 663 
704 863 
550 571 
963 695 
89 185 
210 590 
88 611 
191 545 
575 700 
224 365 
707 74 
324 584 
710 906 
103 533 
773 838 
325 918 
238 853 
768 750 
311 911 
786 124 
597 417 
86 889 
770 380 
579 767 
875 577 
628 483 
877 456 
482 800 
571 273 
498 593 
439 319 
316 33 
183 584 
272 453 
643 771 
618 933 
987 781 
652 325 
568 986 
340 314 
441 141 
196 971 
285 155 
631 89 
248 758 
590 80 
233 949 
116 755 
693 812 
312 110 
585 441 
649 726 
913 773 
611 574 
950 549 
34 137 
218 166 
824 648 
789 651 
170 819 
4 861 
854 210 
357 786 
927 363 
412 630 
837 348 
877 375 
562 335 
679 350 
869 102 
863 850 
890 779 
872 744 
2 88 
487 123 
69 759 
499 782 
643 661 
895 910 
47 505 
421 827 
918 582 
252 379 
354 769 
455 602 
939 755 
553 406 
222 871 
633 171 
806 108 
113 672 
832 571 
362 943 
48 263 
467 212 
452 287 
898 738 
467 729 
86 866 
906 882 
590 748 
223 790 
397 891 
213 106 
691 933 
510 209 
370 849 
590 884 
157 71 
844 610 
683 148 
523 184 
163 546 
483 603 
679 251 
359 582 
161 178 
938 388 
918 257 
605 746 
789 115 
599 352 
654 145 
775 291 
722 116 
520 711 
408 574 
461 932 
740 83 
260 631 
159 434 
194 336 
227 124 
298 64 
69 270 
791 395 
595 415 
939 259 
542 418 
628 659 
698 300 
566 501 
419 535 
603 887 
412 940 
674 30 
122 897 
994 757 
430 267 
170 139 
924 886 
786 365 
876 889 
104 794 
18 729 
516 300 
151 166 
160 644 
504 901 
297 19 
292 309 
50 343 
513 24 
206 961 
742 248 
484 783 
744 414 
217 47 
147 641 
847 890 
443 390 
249 222 
784 204 
163 595 
868 410 
265 78 
711 301 
478 997 
457 766 
648 75 
33 157 
515 275 
502 735 
171 23 
519 282 
188 194 
16 615 
277 73 
494 369 
620 759 
144 414 
78 572 
187 655 
166 5 
569 479 
991 721 
235 127 
592 282 
355 819 
821 276 
655 668 
875 171 
538 491 
171 911 
7 609 
622 977 
579 750 
660 929 
680 75 
525 754 
58 400 
242 818 
333 400 
748 311 
611 249 
203 331 
945 442 
291 312 
320 936 
359 13 
818 966 
40 258 
52 413 
515 558 
828 118 
607 208 
534 116 
225 150 
476 621 
857 948 
606 381 
727 265 
891 585 
646 386 
746 899 
56 386 
489 465 
322 745 
469 770 
68 772 
647 368 
951 39 
464 403 
566 917 
859 763 
946 12 
141 42 
937 276 
70 942 
628 223 
334 900 
599 490 
614 477 
185 516 
191 374 
487 915 
112 870 
489 77 
435 410 
774 17 
340 331 
506 825 
477 610 
243 748 
692 450 
623 692 
189 884 
854 517 
967 105 
703 894 
175 149 
802 18 
801 437 
777 497 
350 186 
481 483 
143 320 
902 382 
523 935 
40 641 
937 675 
619 676 
990 923 
980 649 
901 881 
10 119 
718 408 
809 650 
246 286 
178 277 
875 861 
96 989 
222 937 
381 408 
951 702 
895 678 
553 377 
57 754 
595 866 
461 820 
370 461 
445 431 
76 262 
194 763 
294 726 
869 642 
623 338 
215 524 
526 850 
44 740 
64 21 
184 963 
142 842 
775 215 
405 931 
159 212 
731 260 
671 826 
581 238 
572 791 
457 908 
738 735 
256 563 
43 490 
743 698 
424 563 
289 821 
407 197 
679 20 
58 330 
169 752 
205 845 
870 136 
952 594 
967 781 
215 236 
627 242 
1 196 
133 469 
433 731 
220 170 
255 565 
376 953 
155 996 
553 361 
437 699 
214 386 
205 45 
853 894 
50 719 
196 265 
698 971 
651 222 
943 384 
970 407 
289 285 
15 441 
115 194 
151 578 
375 387 
331 407 
275 185 
343 913 
328 506 
997 108 
979 716 
855 852 
661 94 
509 49 
829 406 
726 840 
833 548 
953 683 
353 169 
976 7 
883 611 
160 921 
445 1 
497 466 
173 412 
922 308 
530 895 
986 352 
57 850 
367 530 
819 52 
821 394 
581 142 
989 310 
176 4 
43 989 
280 157 
32 56 
321 333 
65 887 
864 849 
34 732 
740 686 
714 358 
847 748 
480 595 
258 222 
132 157 
793 181 
350 31 
927 486 
308 755 
63 846 
42 984 
683 988 
595 8 
56 820 
783 126 
742 785 
318 724 
62 226 
518 928 
753 635 
64 524 
347 771 
850 729 
65 39 
255 647 
904 510 
99 672 
255 926 
238 432 
94 836 
635 573 
230 613 
551 999 
509 659 
988 960 
258 802 
135 588 
826 800 
399 336 
438 435 
301 360 
440 784 
689 569 
640 215 
795 628 
720 139 
659 669 
831 135 
902 113 
92 98 
645 739 
49 942 
226 444 
869 158 
945 65 
39 618 
223 734 
169 925 
337 483 
44 104 
406 119 
488 122 
477 993 
231 107 
536 64 
351 996 
140 767 
413 378 
622 785 
180 219 
74 999 
178 486 
783 106 
670 367 
194 145 
838 513 
560 878 
912 355 
871 613 
691 565 
463 466 
904 22 
818 686 
834 265 
251 752 
47 510 
974 447 
791 300 
59 947 
858 434 
260 562 
59 238 
84 102 
968 413 
611 257 
583 661 
286 804 
889 542 
745 298 
147 744 
803 91 
5 453 
286 190 
683 667 
257 984 
94 934 
787 352 
774 246 
874 961 
230 343 
981 260 
19 715 
146 721 
268 757 
269 881 
315 30 
194 800 
192 45 
560 816 
310 376 
769 863 
761 261 
367 438 
39 837 
485 304 
244 655 
588 1 
980 706 
376 507 
551 513 
437 276 
596 193 
64 775 
527 341 
8 65 
440 935 
406 166 
410 524 
243 367 
616 743 
336 596 
455 359 
355 500 
877 534 
314 113 
821 558 
386 89 
360 478 
685 138 
748 481 
694 972 
363 645 
254 540 
24 133 
600 181 
745 389 
493 512 
169 400 
764 667 
433 61 
406 633 
644 695 
886 35 
801 851 
724 849 
268 517 
568 785 
229 449 
541 551 
31 734 
980 583 
56 446 
34 757 
181 172 
292 710 
405 607 
871 52 
245 886 
916 378 
178 241 
269 482 
63 277 
821 749 
184 650 
369 26 
526 691 
994 365 
148 477 
955 862 
387 546 
246 682 
962 671 
125 127 
367 219 
724 898 
713 117 
0 149 
810 743 
15 341 
145 246 
657 109 
25 280 
403 15 
541 119 
784 940 
82 12 
745 535 
812 874 
272 239 
223 428 
577 450 
98 290 
344 46 
705 742 
15 805 
418 157 
429 814 
880 498 
6 971 
945 897 
922 233 
527 263 
718 983 
992 198 
254 18 
820 690 
229 619 
39 462 
768 34 
45 81 
254 47 
228 884 
589 556 
754 162 
347 983 
43 5 
431 381 
561 848 
614 229 
11 918 
828 785 
488 751 
343 621 
38 196 
470 826 
9 220 
936 484 
730 450 
1 218 
681 27 
533 508 
604 50 
540 311 
807 20 
64 940 
556 610 
747 291 
699 286 
425 377 
192 207 
671 281 
583 826 
268 908 
320 918 
825 539 
421 783 
233 504 
426 390 
225 413 
384 844 
827 811 
978 290 
993 309 
526 223 
893 977 
486 713 
656 977 
812 211 
213 648 
811 744 
346 297 
153 631 
798 10 
972 110 
607 697 
878 230 
35 956 
660 726 
548 420 
36 73 
721 335 
725 246 
929 465 
776 141 
726 305 
427 335 
528 591 
799 921 
265 846 
431 893 
469 750 
602 158 
549 641 
650 756 
692 825 
134 465 
89 596 
770 834 
307 238 
788 843 
474 142 
319 10 
601 276 
720 647 
812 563 
415 433 
582 61 
421 445 
33 989 
145 178 
163 122 
823 229 
435 666 
766 761 
929 966 
494 239 
133 625 
152 932 
935 149 
448 909 
989 193 
535 435 
279 464 
542 715 
793 829 
540 144 
466 988 
473 482 
119 645 
819 542 
937 787 
278 655 
551 243 
935 433 
261 626 
499 538 
940 378 
523 302 
127 325 
730 763 
464 94 
418 509 
409 430 
957 100 
304 267 
67 927 
38 658 
179 120 
601 477 
810 990 
82 277 
453 44 
798 792 
221 93 
337 167 
998 710 
461 949 
547 976 
575 684 
397 514 
214 193 
663 248 
915 365 
741 848 
450 574 
123 524 
964 106 
348 216 
311 745 
486 358 
334 977 
466 832 
674 441 
405 644 
613 156 
11 887 
377 851 
164 226 
830 583 
757 756 
993 194 
204 240 
492 408 
211 9 
203 481 
488 620 
798 337 
240 346 
812 992 
980 267 
222 830 
600 256 
459 49 
876 649 
232 224 
96 560 
934 715 
394 779 
133 835 
910 404 
855 125 
359 839 
0 801 
680 215 
857 483 
466 594 
620 731 
34 582 
802 710 
541 598 
522 442 
217 369 
778 647 
537 925 
999 927 
673 344 
844 590 
741 638 
774 974 
92 413 
109 628 
233 547 
107 127 
44 91 
752 110 
941 625 
373 509 
634 321 
663 577 
739 328 
40 113 
275 975 
526 451 
585 884 
521 664 
997 667 
318 737 
98 830 
547 203 
638 828 
277 618 
732 843 
832 617 
197 320 
260 966 
742 626 
117 835 
593 212 
553 899 
460 712 
273 340 
552 455 
288 1 
173 269 
123 132 
894 430 
177 662 
489 50 
91 714 
383 570 
865 976 
583 271 
15 833 
786 337 
993 816 
277 286 
539 510 
505 247 
592 523 
363 212 
365 667 
940 972 
597 350 
917 44 
242 654 
617 679 
642 674 
23 112 
529 209 
196 39 
693 822 
164 215 
912 690 
655 193 
389 868 
267 641 
727 186 
131 97 
1 660 
296 64 
501 701 
170 831 
295 811 
65 431 
375 897 
108 164 
416 186 
292 63 
388 539 
534 309 
923 519 
209 567 
23 576 
799 823 
391 759 
404 961 
630 194 
713 93 
594 996 
830 291 
835 42 
176 357 
756 907 
383 545 
747 990 
472 349 
218 770 
836 452 
157 834 
572 825 
220 861 
552 37 
712 631 
790 768 
905 270 
466 2 
473 849 
909 16 
526 168 
316 477 
227 776 
797 827 
153 89 
97 738 
919 558 
645 371 
329 995 
819 265 
723 972 
444 573 
469 187 
434 103 
288 589 
931 183 
620 298 
495 738 
432 810 
255 974 
96 166 
701 95 
544 750 
798 100 
578 76 
541 910 
404 548 
366 311 
607 480 
273 723 
457 344 
766 597 
599 751 
431 546 
976 264 
643 981 
247 355 
625 172 
644 253 
658 959 
547 117 
528 953 
810 110 
641 983 
419 577 
796 365 
44 374 
228 716 
626 415 
847 738 
182 244 
22 150 
340 824 
169 253 
751 544 
620 3 
277 919 
644 989 
72 565 
679 439 
636 984 
840 380 
583 743 
286 453 
246 196 
599 221 
134 769 
301 730 
916 38 
554 593 
489 987 
878 923 
197 293 
207 770 
209 635 
694 271 
601 734 
197 336 
698 393 
325 921 
559 85 
581 134 
20 896 
460 637 
186 200 
596 995 
410 533 
217 15 
133 292 
195 997 
566 257 
102 89 
239 112 
554 920 
76 59 
367 404 
361 48 
811 479 
167 89 
409 795 
431 560 
986 630 
618 549 
438 637 
753 573 
45 70 
392 227 
446 601 
155 857 
782 101 
861 303 
410 8 
241 593 
212 665 
830 981 
679 257 
116 596 
331 875 
537 340 
380 972 
166 359 
570 751 
850 81 
77 343 
919 561 
691 312 
433 535 
35 269 
790 239 
295 827 
947 167 
65 213 
970 99 
627 649 
13 505 
947 85 
250 433 
892 773 
445 14 
605 642 
47 710 
99 561 
949 719 
849 745 
186 270 
376 33 
400 860 
334 355 
304 322 
361 503 
507 354 
106 647 
881 229 
716 861 
393 980 
728 729 
476 181 
62 383 
266 440 
392 890 
858 400 
73 963 
475 673 
562 399 
725 387 
886 771 
980 245 
700 167 
676 139 
36 633 
858 378 
787 773 
299 607 
43 267 
424 800 
702 224 
166 721 
411 663 
428 22 
504 159 
861 117 
135 853 
746 541 
544 103 
794 718 
431 102 
557 942 
552 549 
359 232 
606 949 
468 363 
817 598 
412 511 
476 696 
954 80 
929 494 
498 679 
241 19 
76 521 
305 457 
355 482 
421 324 
893 827 
500 19 
149 711 
424 493 
285 950 
399 10 
350 493 
558 171 
760 796 
299 653 
209 106 
784 724 
402 505 
973 892 
424 721 
210 622 
357 540 
159 520 
662 912 
379 486 
336 541 
736 398 
43 931 
218 631 
307 916 
633 248 
954 704 
805 974 
129 185 
418 669 
64 132 
111 40 
603 552 
411 165 
629 518 
826 805 
536 361 
385 584 
238 479 
594 571 
379 263 
919 691 
527 294 
953 47 
799 641 
578 651 
715 776 
731 110 
247 583 
472 144 
25 601 
652 488 
421 751 
888 484 
609 503 
224 54 
203 510 
518 14 
797 57 
5 282 
167 66 
991 381 
991 286 
583 943 
182 48 
728 349 
952 459 
894 71 
647 310 
249 994 
345 586 
656 485 
83 661 
509 96 
486 336 
785 396 
758 53 
215 931 
988 227 
233 513 
87 229 
557 453 
879 287 
234 692 
761 699 
50 188 
730 93 
320 750 
588 436 
733 107 
971 612 
461 261 
597 585 
16 206 
775 974 
658 371 
547 17 
959 606 
188 856 
832 573 
682 962 
285 280 
187 51 
63 158 
355 143 
463 186 
27 610 
580 254 
170 422 
365 817 
960 719 
605 367 
22 998 
925 254 
124 930 
963 632 
957 647 
636 783 
901 928 
918 370 
569 248 
502 297 
684 977 
952 164 
535 888 
254 337 
437 50 
896 67 
223 903 
474 606 
983 630 
338 948 
822 292 
833 74 
812 318 
500 94 
546 37 
675 165 
46 356 
348 413 
250 10 
319 985 
315 844 
198 591 
778 112 
976 897 
227 195 
774 675 
980 585 
799 347 
225 595 
332 724 
591 543 
400 314 
43 98 
936 824 
635 448 
565 599 
188 718 
118 41 
95 709 
299 912 
809 501 
81 449 
406 93 
405 233 
751 552 
568 228 
692 334 
95 595 
95 875 
999 990 
897 803 
29 386 
990 54 
668 930 
829 882 
885 664 
416 532 
590 930 
122 696 
365 49 
335 964 
990 565 
780 503 
545 614 
79 240 
878 605 
853 290 
170 604 
872 147 
738 548 
125 426 
4 242 
165 539 
378 925 
556 453 
864 603 
364 514 
978 76 
683 558 
81 423 
651 833 
851 429 
488 4 
260 198 
206 583 
829 195 
227 72 
922 433 
289 873 
409 974 
836 395 
268 787 
983 976 
154 876 
387 904 
946 624 
73 616 
942 578 
679 572 
49 797 
848 646 
965 321 
566 531 
514 169 
319 478 
126 2 
196 890 
478 150 
690 131 
391 434 
118 400 
82 720 
393 688 
935 780 
47 871 
343 756 
229 726 
612 906 
154 992 
337 472 
196 424 
539 421 
449 941 
867 808 
186 989 
687 665 
907 146 
354 996 
360 372 
599 112 
587 715 
431 471 
21 645 
227 728 
883 587 
208 12 
950 449 
199 836 
823 403 
289 554 
959 889 
359 790 
786 175 
321 663 
305 214 
903 667 
813 378 
628 789 
914 238 
983 730 
769 763 
962 308 
859 800 
599 900 
272 376 
419 569 
970 416 
493 642 
688 55 
951 574 
895 79 
90 369 
698 116 
42 671 
877 10 
770 698 
943 599 
425 134 
502 782 
22 785 
379 438 
969 62 
954 996 
271 764 
165 205 
382 914 
517 59 
800 295 
140 448 
607 754 
629 881 
139 806 
435 24 
196 550 
508 871 
210 497 
856 244 
47 902 
4 249 
373 90 
54 133 
720 616 
535 51 
411 210 
977 980 
422 452 
803 567 
125 379 
701 440 
729 961 
550 367 
909 333 
736 532 
417 721 
580 341 
252 50 
763 194 
265 662 
894 242 
22 522 
497 393 
155 753 
469 200 
832 749 
715 434 
756 776 
486 172 
572 571 
635 987 
391 73 
52 160 
160 188 
459 362 
570 83 
361 70 
12 103 
499 734 
975 217 
921 949 
54 429 
922 60 
854 73 
148 434 
733 244 
687 757 
751 619 
909 759 
112 254 
195 278 
453 729 
830 744 
226 968 
525 567 
634 855 
595 868 
149 530 
246 977 
328 608 
671 877 
327 965 
676 694 
374 873 
6 245 
163 737 
642 753 
374 270 
717 423 
11 71 
40 599 
837 969 
402 860 
871 228 
196 54 
811 387 
774 55 
842 336 
744 668 
224 804 
85 21 
686 316 
655 579 
15 872 
68 484 
924 391 
176 924 
525 261 
771 824 
688 143 
729 619 
274 955 
262 565 
166 762 
144 31 
295 549 
789 41 
95 415 
935 853 
238 916 
268 599 
272 423 
413 504 
633 183 
937 902 
17 360 
409 775 
121 475 
643 880 
600 936 
43 311 
146 965 
974 461 
703 84 
535 383 
893 212 
639 646 
431 367 
903 612 
323 68 
741 64 
244 980 
992 294 
183 374 
179 790 
272 382 
395 727 
260 986 
355 993 
222 29 
861 26 
33 725 
648 986 
14 372 
33 687 
495 860 
749 291 
506 553 
149 513 
337 734 
348 612 
897 447 
35 766 
898 790 
355 130 
782 462 
475 61 
567 159 
955 428 
626 152 
15 191 
808 233 
153 360 
471 445 
969 143 
181 945 
749 822 
143 459 
201 133 
917 826 
305 621 
525 597 
45 720 
243 820 
101 738 
329 104 
698 517 
344 464 
787 581 
383 220 
863 96 
593 442 
116 655 
464 607 
624 710 
91 926 
138 643 
685 837 
325 423 
628 844 
928 156 
302 455 
487 835 
643 181 
828 645 
813 214 
184 114 
530 764 
450 845 
536 26 
931 240 
744 291 
951 51 
516 874 
891 887 
681 873 
268 214 
603 164 
569 202 
249 876 
15 724 
349 72 
314 247 
422 480 
950 643 
754 729 
84 730 
98 597 
40 408 
986 787 
550 988 
78 906 
562 201 
818 695 
917 218 
882 378 
917 430 
836 702 
711 898 
624 711 
987 790 
556 898 
944 506 
30 21 
686 159 
476 35 
780 612 
190 59 
802 389 
153 499 
503 200 
970 112 
470 144 
744 601 
818 590 
21 98 
366 390 
827 377 
627 816 
150 194 
860 959 
971 394 
778 101 
306 812 
847 866 
869 696 
505 137 
591 350 
758 945 
961 72 
638 453 
58 267 
190 358 
310 178 
116 214 
327 76 
25 437 
946 87 
732 550 
178 639 
130 418 
583 72 
71 253 
394 409 
719 431 
421 656 
749 33 
328 307 
327 193 
672 149 
648 911 
173 748 
623 660 
359 821 
443 482 
762 565 
319 184 
554 65 
184 258 
951 197 
158 765 
390 391 
449 720 
537 581 
279 319 
72 480 
742 650 
269 846 
956 26 
50 775 
814 247 
395 38 
81 185 
351 946 
164 266 
55 543 
210 585 
425 194 
484 302 
632 269 
152 849 
154 750 
108 388 
607 169 
997 62 
290 956 
364 60 
686 710 
543 583 
875 84 
394 354 
831 794 
267 794 
564 155 
546 738 
189 312 
276 678 
646 920 
462 316 
263 273 
887 321 
493 660 
452 713 
258 64 
131 984 
3 332 
383 193 
383 501 
292 599 
22 236 
212 879 
367 917 
452 446 
110 70 
29 230 
833 951 
258 170 
431 286 
395 988 
163 623 
538 668 
443 704 
938 318 
544 66 
874 398 
786 581 
105 862 
479 689 
969 5 
764 831 
502 928 
328 897 
156 32 
577 829 
636 30 
488 582 
50 43 
311 469 
931 963 
573 557 
506 5 
250 926 
643 224 
72 556 
575 154 
605 149 
201 825 
783 87 
776 597 
690 247 
923 75 
662 634 
599 309 
446 533 
622 766 
820 732 
20 803 
605 597 
65 770 
454 583 
296 567 
550 874 
579 46 
176 715 
351 214 
71 174 
662 287 
294 855 
310 611 
115 845 
447 971 
205 625 
299 334 
553 745 
413 527 
367 405 
296 342 
269 674 
341 916 
982 78 
276 659 
802 433 
56 89 
349 851 
203 211 
975 272 
500 387 
963 946 
135 247 
574 15 
274 663 
430 131 
193 954 
347 223 
231 491 
685 792 
321 337 
556 286 
589 277 
402 194 
930 733 
660 268 
190 899 
299 639 
335 28 
20 835 
574 134 
993 254 
980 320 
621 10 
37 236 
169 951 
41 633 
590 226 
525 144 
284 949 
856 658 
420 926 
600 793 
756 306 
397 979 
731 830 
874 37 
188 906 
853 625 
665 898 
786 271 
278 325 
12 303 
887 411 
853 815 
106 495 
877 882 
76 978 
411 306 
423 70 
776 270 
567 387 
569 882 
536 825 
200 635 
346 741 
379 66 
576 63 
881 955 
362 63 
566 600 
645 561 
507 847 
901 792 
719 184 
581 677 
64 533 
408 994 
15 272 
364 682 
4 137 
777 532 
837 817 
538 841 
514 29 
900 265 
772 952 
403 20 
183 921 
315 45 
28 256 
590 514 
606 188 
146 962 
94 547 
867 910 
159 600 
599 834 
917 935 
190 823 
594 933 
417 150 
629 393 
628 616 
639 514 
596 895 
446 741 
618 898 
589 860 
303 214 
628 431 
81 491 
23 601 
363 435 
60 179 
850 505 
603 750 
925 33 
487 765 
72 159 
909 916 
349 897 
961 304 
535 373 
614 374 
919 748 
9 570 
975 325 
828 760 
385 343 
709 787 
199 538 
979 780 
994 462 
864 330 
644 975 
654 230 
401 986 
491 671 
365 237 
546 787 
483 393 
546 676 
964 283 
468 935 
628 387 
217 95 
256 41 
914 42 
219 618 
776 378 
436 209 
198 533 
268 115 
661 420 
303 849 
41 778 
908 79 
934 269 
934 457 
537 381 
683 752 
864 869 
637 534 
354 403 
224 759 
664 383 
333 826 
835 995 
156 287 
145 359 
158 214 
981 63 
980 187 
538 270 
236 595 
78 570 
128 912 
190 372 
281 792 
598 662 
279 176 
531 252 
319 57 
397 851 
437 156 
116 146 
263 373 
774 451 
58 909 
933 782 
970 81 
783 601 
991 54 
749 627 
383 430 
219 591 
282 876 
524 825 
407 420 
747 988 
242 875 
185 118 
613 922 
113 579 
932 37 
275 67 
11 245 
191 270 
100 811 
754 633 
672 665 
664 78 
338 431 
296 799 
630 499 
991 975 
250 680 
636 446 
811 681 
665 294 
588 585 
204 556 
753 486 
546 58 
782 697 
654 377 
144 166 
341 310 
413 765 
259 54 
598 552 
277 700 
601 69 
16 281 
481 682 
493 954 
815 313 
665 891 
422 877 
101 440 
370 595 
400 544 
98 846 
747 858 
832 220 
732 786 
490 480 
95 786 
395 398 
937 178 
946 532 
648 553 
42 679 
322 905 
42 776 
702 993 
979 104 
303 750 
161 541 
987 218 
745 634 
433 610 
917 436 
939 672 
291 387 
355 731 
992 793 
600 477 
282 598 
690 596 
311 563 
432 768 
345 50 
916 105 
747 984 
533 660 
500 84 
764 351 
725 50 
843 3 
341 199 
801 250 
630 244 
332 492 
229 392 
42 8 
165 754 
153 586 
887 778 
99 347 
880 635 
785 399 
535 141 
908 848 
568 569 
150 706 
651 44 
250 746 
549 873 
276 936 
542 601 
355 793 
975 679 
423 708 
970 555 
462 179 
816 544 
755 877 
923 99 
920 429 
379 211 
819 913 
540 260 
58 954 
100 478 
832 580 
924 611 
271 251 
743 944 
106 178 
185 503 
261 325 
516 409 
40 315 
198 970 
540 819 
946 498 
410 431 
563 397 
485 403 
459 466 
174 290 
1 409 
453 239 
690 190 
544 97 
511 762 
298 934 
967 377 
167 707 
583 58 
825 500 
840 729 
456 827 
485 366 
645 367 
483 916 
656 399 
415 293 
462 532 
549 862 
298 997 
833 189 
260 388 
148 322 
481 86 
25 591 
819 17 
760 286 
679 482 
168 321 
684 692 
834 905 
297 47 
966 462 
405 536 
626 389 
997 175 
917 241 
698 822 
96 779 
499 821 
71 178 
81 278 
959 425 
930 737 
540 809 
416 599 
255 493 
410 39 
982 970 
372 786 
464 2 
545 837 
470 202 
616 391 
469 761 
934 709 
478 927 
149 887 
696 819 
117 528 
935 880 
538 470 
38 598 
446 77 
734 483 
350 351 
287 704 
933 487 
739 971 
622 276 
161 813 
706 907 
765 117 
116 440 
247 493 
157 662 
954 258 
311 761 
922 104 
900 893 
172 208 
996 443 
248 119 
434 75 
555 160 
34 361 
214 532 
889 224 
78 166 
996 184 
895 286 
362 490 
126 750 
356 290 
891 688 
704 460 
225 951 
723 469 
137 314 
745 638 
979 441 
240 935 
963 22 
37 504 
477 389 
46 366 
566 102 
259 479 
121 929 
601 1 
605 7 
734 150 
816 804 
157 781 
580 612 
841 906 
345 751 
83 720 
981 938 
250 500 
851 946 
863 577 
372 74 
408 284 
495 545 
301 739 
521 520 
380 579 
518 796 
449 536 
496 887 
738 398 
988 965 
646 594 
935 334 
727 60 
263 708 
398 766 
310 523 
743 755 
394 636 
997 829 
225 426 
902 501 
963 87 
518 448 
865 994 
941 719 
65 583 
972 573 
873 965 
714 515 
34 579 
334 82 
95 157 
190 849 
499 816 
166 115 
705 623 
448 70 
26 661 
249 186 
641 802 
758 33 
270 42 
780 593 
29 847 
792 482 
16 814 
591 197 
64 363 
48 829 
664 952 
196 650 
133 414 
801 676 
869 343 
396 59 
227 640 
445 598 
202 920 
488 951 
528 293 
220 454 
384 242 
139 196 
138 840 
26 534 
355 33 
903 73 
956 92 
313 279 
365 818 
77 626 
420 280 
759 773 
94 156 
693 153 
116 929 
634 163 
229 850 
643 341 
329 490 
863 985 
187 217 
629 416 
595 666 
528 664 
966 295 
151 458 
36 332 
40 370 
452 131 
720 659 
933 307 
337 255 
703 232 
712 538 
792 539 
519 82 
833 588 
935 992 
151 996 
165 624 
987 241 
678 860 
742 383 
897 520 
94 402 
691 946 
209 174 
22 452 
567 38 
728 84 
990 605 
728 28 
749 419 
406 727 
600 164 
913 404 
127 482 
504 978 
341 248 
651 568 
336 763 
957 790 
946 277 
869 146 
145 351 
172 672 
53 884 
268 59 
732 767 
460 981 
122 421 
592 281 
962 566 
274 230 
235 403 
16 628 
878 620 
796 19 
898 831 
545 438 
124 437 
271 111 
341 783 
484 64 
517 372 
970 308 
992 310 
943 810 
419 993 
899 872 
653 155 
21 789 
52 583 
307 758 
92 634 
206 112 
182 888 
280 750 
32 920 
523 683 
109 52 
244 517 
201 955 
702 350 
160 808 
30 699 
276 860 
375 592 
176 218 
473 630 
344 131 
6 247 
12 589 
965 117 
793 72 
142 158 
712 26 
432 724 
213 418 
395 134 
628 907 
327 741 
631 419 
499 517 
955 436 
424 970 
521 505 
404 557 
909 412 
31 780 
975 195 
840 501 
442 275 
552 154 
380 468 
355 678 
573 930 
845 865 
939 875 
843 872 
223 837 
213 146 
976 621 
909 219 
385 522 
837 838 
445 621 
432 884 
18 451 
242 216 
840 688 
532 565 
498 165 
21 985 
891 351 
550 766 
134 60 
927 262 
374 875 
986 65 
321 582 
620 904 
873 297 
392 415 
469 335 
663 344 
763 422 
621 557 
793 719 
994 480 
458 479 
997 965 
323 664 
132 504 
196 764 
590 943 
483 577 
731 750 
365 844 
405 700 
639 620 
638 980 
665 894 
393 384 
439 21 
702 973 
651 253 
814 390 
972 639 
982 431 
704 131 
240 239 
390 587 
320 514 
82 89 
220 361 
881 40 
501 641 
123 820 
562 513 
674 209 
453 766 
438 25 
93 846 
427 99 
710 511 
453 263 
238 425 
228 551 
853 261 
514 347 
209 699 
634 104 
820 132 
101 972 
57 507 
287 60 
831 25 
494 295 
378 862 
840 959 
648 109 
596 658 
93 869 
622 806 
328 695 
290 295 
633 512 
240 154 
717 382 
817 570 
227 403 
354 885 
967 784 
674 818 
464 373 
962 682 
634 712 
410 243 
539 492 
546 913 
783 699 
38 789 
740 607 
253 611 
571 759 
676 421 
543 99 
576 12 
846 813 
197 449 
476 514 
446 684 
886 82 
159 67 
866 189 
393 954 
435 807 
490 700 
975 764 
607 276 
450 75 
787 257 
505 518 
122 747 
331 431 
658 583 
104 736 
937 215 
52 331 
705 503 
424 659 
316 28 
521 280 
791 241 
704 683 
293 690 
963 230 
29 428 
352 893 
903 722 
779 162 
748 349 
305 415 
22 751 
4 465 
437 162 
915 936 
50 873 
149 305 
603 102 
16 17 
593 184 
371 37 
293 790 
200 955 
371 83 
194 366 
357 196 
666 676 
397 465 
44 907 
851 427 
195 816 
622 741 
730 833 
937 662 
274 414 
143 533 
672 484 
943 980 
922 247 
508 239 
828 850 
723 479 
61 587 
667 491 
837 933 
451 304 
400 263 
483 417 
735 713 
614 903 
495 772 
519 459 
78 245 
297 676 
646 893 
83 654 
869 366 
658 66 
367 568 
934 940 
918 401 
302 678 
599 333 
199 98 
55 396 
924 728 
42 652 
956 579 
84 302 
483 126 
128 867 
180 946 
455 2 
763 560 
393 434 
88 540 
391 393 
765 200 
197 829 
181 290 
199 342 
175 943 
411 698 
722 551 
512 935 
730 856 
872 948 
886 661 
260 107 
595 46 
869 716 
806 365 
858 387 
133 150 
412 148 
727 423 
434 60 
503 765 
888 251 
4 674 
996 528 
289 22 
494 221 
946 950 
989 518 
429 981 
836 786 
373 987 
855 803 
85 70 
267 758 
184 12 
204 245 
501 993 
267 750 
795 783 
156 304 
574 749 
870 174 
73 277 
40 482 
738 177 
513 971 
32 512 
392 120 
652 855 
592 395 
168 460 
640 46 
959 499 
645 53 
544 88 
986 924 
465 531 
218 556 
14 261 
550 603 
874 623 
349 995 
876 80 
772 106 
171 142 
153 991 
619 989 
955 14 
9 618 
249 431 
646 910 
121 309 
590 508 
461 0 
188 771 
586 355 
164 349 
469 285 
793 672 
743 408 
747 959 
20 420 
756 589 
419 284 
338 901 
857 468 
471 306 
103 670 
965 471 
614 230 
768 171 
615 777 
226 593 
367 178 
648 976 
492 885 
802 862 
977 879 
580 981 
298 545 
802 934 
17 741 
159 956 
548 333 
249 995 
632 395 
778 777 
281 425 
364 438 
741 830 
800 611 
743 347 
100 558 
833 181 
503 706 
322 216 
584 501 
986 282 
167 500 
234 776 
80 616 
576 223 
522 341 
819 797 
339 96 
639 689 
799 71 
64 31 
766 187 
810 438 
164 403 
449 330 
16 170 
400 295 
290 130 
737 275 
949 451 
700 50 
385 919 
169 542 
553 107 
50 799 
56 835 
167 842 
404 468 
867 866 
335 940 
566 642 
507 287 
744 783 
324 248 
557 966 
278 200 
409 610 
292 132 
110 234 
517 396 
129 14 
462 54 
537 344 
802 858 
775 784 
900 894 
762 187 
512 637 
832 965 
640 309 
540 498 
357 394 
363 400 
86 605 
839 622 
494 724 
413 218 
357 727 
665 833 
31 124 
382 82 
841 536 
62 5 
760 671 
281 925 
506 470 
473 390 
838 727 
524 923 
36 308 
148 944 
382 594 
125 914 
306 969 
674 336 
596 117 
529 318 
607 551 
23 248 
241 170 
682 423 
849 398 
712 191 
288 766 
322 68 
592 5 
274 381 
252 164 
465 824 
605 413 
517 892 
419 700 
148 822 
734 776 
41 476 
464 5 
238 745 
751 943 
289 282 
894 492 
384 586 
384 480 
509 164 
753 202 
465 889 
929 60 
459 523 
127 216 
36 354 
934 791 
20 333 
405 271 
844 588 
248 277 
275 239 
613 490 
213 709 
131 58 
616 614 
556 227 
32 414 
470 971 
333 977 
988 410 
609 647 
168 655 
700 745 
963 811 
487 104 
994 317 
228 494 
947 244 
445 102 
17 826 
660 968 
296 989 
488 29 
225 823 
864 859 
859 219 
889 166 
506 544 
316 674 
910 89 
755 431 
342 588 
230 993 
994 693 
355 165 
976 379 
132 47 
585 27 
990 489 
594 885 
85 3 
740 829 
858 379 
90 263 
641 135 
489 420 
487 649 
689 30 
483 13 
156 704 
826 727 
480 362 
699 368 
417 333 
263 973 
378 12 
25 616 
368 876 
791 56 
11 276 
399 408 
57 315 
656 73 
84 514 
82 872 
254 207 
570 994 
854 497 
306 787 
90 874 
699 389 
791 136 
947 550 
420 103 
255 692 
311 982 
63 365 
607 419 
534 889 
869 318 
816 43 
64 594 
150 276 
749 109 
147 735 
404 416 
283 659 
805 689 
394 885 
274 210 
944 10 
580 841 
372 130 
342 328 
384 688 
15 132 
460 133 
682 784 
237 754 
794 843 
94 526 
304 196 
270 478 
324 228 
985 879 
0 384 
103 705 
114 740 
708 845 
339 836 
3 434 
629 250 
197 334 
708 116 
66 551 
803 660 
606 108 
957 974 
779 805 
582 963 
695 614 
564 881 
234 775 
668 244 
356 838 
788 708 
911 96 
380 37 
854 34 
935 790 
273 722 
79 294 
479 315 
269 520 
481 460 
465 691 
662 199 
284 696 
711 251 
392 602 
353 555 
131 644 
252 616 
636 794 
990 57 
814 411 
701 839 
683 344 
433 604 
262 619 
643 805 
449 665 
590 346 
997 495 
713 208 
720 756 
306 817 
195 73 
386 412 
416 435 
946 270 
207 486 
261 276 
45 744 
396 782 
740 123 
965 276 
333 102 
694 849 
369 613 
522 27 
111 406 
930 636 
879 497 
501 54 
329 367 
112 281 
98 644 
558 891 
280 688 
945 85 
344 585 
628 711 
555 597 
521 977 
754 357 
26 561 
472 948 
697 810 
253 640 
482 960 
861 951 
824 233 
80 225 
301 165 
541 465 
736 553 
490 834 
980 915 
103 843 
538 488 
828 465 
287 318 
134 294 
97 180 
532 544 
998 384 
526 764 
700 803 
910 499 
566 200 
92 131 
675 207 
192 257 
349 702 
607 155 
671 294 
601 182 
274 104 
627 813 
673 667 
559 95 
396 137 
161 349 
365 78 
454 990 
332 323 
904 832 
209 461 
575 341 
890 764 
31 903 
498 724 
505 347 
83 891 
87 521 
649 615 
221 759 
152 74 
15 274 
347 524 
872 478 
549 732 
911 658 
551 153 
606 195 
732 368 
950 57 
750 832 
536 600 
972 502 
334 145 
65 169 
984 514 
231 490 
168 110 
187 459 
435 98 
736 771 
581 759 
485 5 
489 115 
775 56 
621 596 
777 944 
974 76 
429 492 
892 734 
212 547 
198 730 
562 968 
882 895 
363 66 
575 597 
889 212 
397 487 
803 673 
105 812 
693 390 
333 592 
440 481 
844 149 
927 376 
56 802 
966 55 
327 602 
903 541 
139 359 
628 300 
654 286 
159 623 
802 806 
926 633 
448 806 
609 537 
867 132 
407 179 
856 152 
958 276 
446 76 
249 904 
970 692 
9 912 
212 760 
239 473 
982 904 
695 42 
28 210 
523 534 
373 898 
270 160 
205 609 
350 838 
481 741 
769 314 
495 321 
308 419 
203 83 
510 251 
629 644 
340 669 
330 467 
392 292 
736 134 
609 903 
178 101 
586 775 
914 836 
519 940 
67 902 
935 465 
434 426 
120 357 
856 378 
660 418 
626 437 
656 570 
32 345 
578 323 
59 230 
567 555 
352 480 
974 482 
236 238 
296 39 
36 968 
140 899 
193 686 
981 101 
66 666 
415 309 
679 921 
916 801 
590 525 
941 661 
587 493 
858 433 
495 405 
454 455 
311 127 
175 586 
786 400 
460 649 
846 289 
492 272 
327 61 
677 526 
632 2 
342 463 
931 905 
682 9 
441 885 
797 122 
286 318 
137 668 
556 222 
31 850 
947 486 
386 202 
971 843 
666 814 
364 100 
133 13 
867 716 
97 789 
874 719 
924 277 
929 222 
621 871 
246 965 
936 392 
687 293 
47 17 
513 171 
312 838 
895 534 
180 415 
695 786 
610 662 
916 592 
88 839 
482 888 
175 975 
578 514 
331 103 
644 521 
308 111 
74 220 
951 988 
677 386 
564 607 
253 712 
475 754 
791 750 
530 849 
577 494 
793 199 
401 516 
247 334 
17 977 
873 185 
10 474 
987 747 
72 785 
782 523 
951 105 
92 57 
187 436 
94 228 
37 319 
44 340 
431 976 
643 71 
261 644 
625 938 
505 889 
385 104 
350 886 
971 395 
914 705 
562 479 
735 626 
563 469 
329 89 
166 748 
383 196 
922 428 
84 806 
746 47 
476 199 
566 808 
642 988 
683 859 
532 3 
749 100 
242 746 
366 119 
258 78 
526 491 
932 109 
35 345 
372 676 
657 608 
267 526 
973 204 
617 585 
939 175 
795 455 
443 480 
327 13 
666 524 
978 88 
674 655 
334 610 
953 87 
235 812 
351 717 
440 862 
837 52 
239 173 
980 186 
634 369 
813 284 
791 38 
246 167 
788 521 
130 434 
701 124 
881 905 
701 244 
617 548 
621 250 
987 989 
688 431 
403 699 
359 655 
387 170 
418 690 
364 493 
999 385 
470 33 
610 204 
306 295 
329 301 
15 488 
717 737 
823 582 
179 207 
112 625 
737 138 
890 576 
649 509 
403 457 
805 289 
539 6 
106 172 
629 957 
599 177 
384 665 
722 986 
782 186 
258 672 
776 969 
651 436 
527 173 
570 312 
710 577 
843 495 
687 558 
552 267 
861 572 
589 169 
876 104 
11 28 
607 399 
541 152 
7 573 
447 826 
373 456 
145 150 
8 535 
106 824 
400 258 
308 913 
330 165 
11 149 
325 311 
682 457 
254 71 
124 772 
306 444 
432 657 
589 550 
569 171 
60 206 
799 749 
778 673 
787 988 
254 673 
228 116 
677 287 
0 826 
918 635 
774 338 
379 473 
497 200 
315 957 
975 668 
466 517 
230 865 
209 978 
696 755 
867 3 
491 132 
535 310 
261 710 
361 575 
52 96 
968 787 
848 277 
89 40 
137 369 
540 902 
556 333 
962 685 
851 486 
75 885 
218 696 
315 543 
579 757 
55 668 
45 127 
350 347 
561 580 
324 617 
447 229 
253 405 
545 445 
403 480 
104 327 
355 882 
687 128 
45 469 
51 62 
1 708 
12 152 
355 892 
849 250 
756 515 
930 918 
112 999 
650 847 
896 984 
25 366 
601 605 
690 106 
699 774 
966 873 
284 972 
377 936 
259 145 
62 832 
466 906 
588 558 
17 245 
552 241 
103 502 
460 760 
669 260 
920 338 
206 29 
945 466 
154 940 
372 101 
294 773 
195 903 
288 21 
624 132 
94 633 
304 938 
676 441 
122 548 
38 483 
536 597 
80 699 
808 392 
769 565 
245 216 
403 781 
649 5 
163 102 
190 757 
491 744 
478 949 
989 4 
195 58 
39 903 
724 134 
693 79 
478 505 
229 786 
305 265 
756 127 
538 858 
887 105 
721 650 
811 195 
706 971 
464 213 
425 792 
877 977 
295 36 
756 413 
664 403 
911 16 
127 258 
56 318 
571 773 
270 157 
133 44 
788 66 
624 770 
819 459 
760 602 
412 37 
473 206 
248 971 
628 291 
510 927 
501 0 
51 261 
99 301 
399 956 
286 718 
854 308 
2 960 
956 216 
890 748 
509 133 
409 373 
795 423 
409 505 
306 967 
983 419 
579 615 
439 510 
900 551 
757 814 
377 562 
354 661 
105 227 
395 738 
858 949 
23 874 
244 147 
353 101 
755 768 
528 881 
788 711 
982 623 
347 160 
766 33 
567 857 
830 727 
296 368 
362 953 
741 494 
931 938 
292 149 
696 588 
531 924 
47 827 
589 572 
29 519 
793 111 
85 167 
989 241 
715 130 
333 372 
772 164 
890 598 
247 106 
39 489 
602 796 
838 110 
929 251 
883 584 
858 888 
163 304 
309 655 
688 48 
857 758 
574 989 
1 842 
40 484 
674 10 
947 457 
355 507 
603 188 
522 112 
502 716 
243 830 
175 363 
755 753 
967 318 
526 559 
28 528 
977 907 
983 433 
514 295 
480 209 
104 135 
171 920 
473 334 
904 423 
699 715 
98 117 
701 915 
978 190 
499 575 
406 693 
821 888 
140 997 
898 238 
156 431 
724 64 
403 332 
840 92 
133 317 
802 427 
97 292 
295 516 
996 462 
574 876 
200 927 
410 102 
944 774 
915 834 
642 79 
818 583 
698 721 
880 832 
492 870 
731 727 
464 366 
771 188 
328 978 
566 373 
892 857 
827 391 
407 822 
585 395 
412 746 
60 448 
412 338 
643 209 
414 151 
68 514 
150 128 
677 508 
209 258 
42 565 
587 336 
364 107 
250 360 
364 37 
498 365 
145 525 
571 69 
697 709 
381 79 
692 978 
730 53 
421 911 
557 743 
409 548 
76 314 
827 390 
353 616 
4 41 
472 224 
65 862 
716 271 
499 737 
973 192 
904 636 
297 935 
640 173 
30 670 
237 597 
538 110 
776 13 
138 72 
615 399 
370 273 
648 664 
985 662 
14 851 
295 601 
481 609 
981 830 
371 388 
950 156 
904 951 
399 477 
311 104 
355 715 
766 608 
159 649 
100 290 
756 794 
929 897 
891 896 
830 177 
405 877 
472 16 
882 830 
706 513 
23 657 
638 478 
104 364 
373 150 
376 940 
577 712 
553 70 
380 211 
63 124 
764 282 
774 69 
910 73 
381 35 
359 818 
168 399 
816 303 
458 231 
679 451 
902 982 
812 477 
459 552 
478 888 
412 747 
58 298 
575 609 
880 300 
302 576 
761 117 
268 660 
68 734 
185 509 
588 869 
587 816 
94 466 
574 675 
664 97 
77 32 
603 601 
266 829 
383 971 
208 364 
63 262 
307 712 
127 416 
94 524 
165 325 
689 541 
496 530 
832 391 
382 893 
466 333 
703 326 
121 138 
719 667 
510 611 
155 2 
657 860 
664 417 
891 105 
86 879 
557 111 
225 658 
966 828 
501 667 
125 598 
118 810 
338 186 
550 447 
194 304 
762 527 
494 694 
809 638 
975 278 
389 698 
337 214 
252 162 
955 571 
494 208 
263 294 
665 928 
599 120 
920 75 
587 677 
212 743 
438 871 
883 865 
349 908 
427 608 
425 960 
440 911 
800 440 
470 674 
611 791 
823 809 
912 464 
892 572 
907 536 
300 202 
279 559 
922 179 
695 681 
631 406 
133 161 
578 846 
862 674 
581 79 
478 401 
255 888 
402 509 
259 120 
586 130 
446 668 
474 575 
632 202 
366 531 
808 161 
560 404 
773 342 
648 1 
548 823 
427 964 
468 110 
270 686 
154 914 
477 286 
280 294 
483 465 
352 112 
161 560 
504 67 
332 416 
871 303 
62 400 
908 362 
385 279 
783 572 
275 502 
529 635 
28 692 
237 174 
260 354 
994 396 
5 418 
259 622 
683 548 
767 813 
968 183 
810 360 
557 521 
82 126 
517 537 
158 393 
999 891 
464 802 
182 219 
585 662 
276 718 
199 533 
750 409 
770 245 
864 200 
919 101 
157 767 
927 404 
224 139 
839 994 
927 312 
446 927 
357 751 
866 738 
27 418 
940 492 
923 977 
748 730 
174 953 
914 579 
547 362 
166 272 
980 599 
270 513 
552 3 
384 315 
583 778 
514 513 
36 641 
291 518 
524 313 
298 746 
853 879 
524 880 
665 700 
220 421 
486 910 
773 251 
680 421 
215 247 
710 0 
568 139 
147 443 
117 886 
367 833 
966 665 
42 489 
516 358 
95 612 
390 354 
902 710 
298 151 
680 676 
445 311 
813 447 
323 553 
513 833 
475 380 
978 803 
255 310 
811 986 
865 557 
921 518 
715 526 
160 463 
521 53 
960 772 
153 557 
277 279 
809 182 
965 587 
631 672 
24 902 
818 31 
992 990 
942 142 
952 828 
533 860 
685 733 
407 216 
501 762 
105 824 
715 535 
482 572 
105 141 
503 463 
524 756 
540 599 
393 845 
100 922 
519 882 
849 185 
63 456 
681 450 
968 870 
140 278 
183 391 
419 287 
309 979 
881 18 
782 187 
637 892 
388 881 
720 621 
95 971 
106 868 
758 172 
755 211 
363 611 
661 509 
437 400 
471 252 
307 872 
310 100 
611 812 
261 715 
904 59 
495 589 
450 915 
315 366 
601 190 
180 705 
952 850 
670 414 
531 978 
855 87 
142 219 
497 314 
870 425 
301 907 
475 453 
145 567 
433 778 
225 257 
324 697 
924 136 
58 569 
249 388 
376 586 
389 28 
987 943 
665 584 
857 129 
26 999 
691 740 
190 194 
125 309 
834 919 
889 357 
452 20 
262 691 
924 920 
196 579 
276 416 
840 330 
87 109 
739 302 
797 358 
813 366 
449 614 
18 358 
981 73 
948 480 
940 641 
282 914 
89 311 
695 278 
460 832 
777 468 
94 973 
235 868 
175 742 
517 838 
531 212 
603 511 
224 267 
220 477 
315 88 
341 213 
190 245 
384 574 
511 765 
586 574 
62 127 
189 522 
214 921 
208 643 
816 248 
213 224 
619 485 
121 654 
930 755 
286 931 
752 419 
606 887 
385 821 
772 430 
964 465 
818 37 
710 717 
143 687 
583 161 
549 3 
613 995 
438 920 
55 184 
852 585 
3 72 
188 991 
816 745 
630 968 
16 928 
450 669 
26 901 
147 33 
135 948 
905 505 
505 770 
117 746 
600 38 
678 564 
941 250 
990 60 
483 515 
35 677 
542 429 
103 718 
681 221 
301 543 
939 114 
782 136 
473 499 
957 72 
549 976 
346 722 
765 663 
240 143 
675 16 
645 164 
799 211 
872 926 
448 506 
262 156 
527 556 
68 506 
532 789 
547 806 
955 902 
432 323 
115 615 
469 433 
22 589 
81 744 
711 553 
630 204 
895 932 
565 819 
244 289 
33 348 
618 605 
866 943 
751 140 
956 13 
46 965 
542 343 
78 228 
694 127 
606 809 
735 774 
813 325 
583 190 
326 818 
85 54 
85 30 
650 18 
776 255 
560 138 
332 956 
216 339 
954 723 
22 618 
75 852 
360 555 
238 54 
698 886 
524 747 
956 565 
766 654 
258 93 
529 837 
41 295 
755 858 
120 530 
906 711 
657 36 
275 650 
151 96 
766 287 
350 448 
614 714 
696 409 
985 388 
240 545 
712 170 
571 218 
741 78 
262 812 
948 528 
86 370 
639 793 
486 405 
680 246 
54 234 
920 510 
478 9 
4 333 
388 660 
30 217 
4 367 
193 523 
534 426 
973 982 
557 510 
484 557 
645 863 
827 419 
982 762 
944 73 
363 884 
710 105 
550 826 
316 387 
715 457 
553 151 
403 221 
725 613 
544 564 
530 987 
292 751 
930 109 
541 609 
509 789 
314 71 
390 847 
67 970 
181 197 
287 714 
201 11 
492 858 
119 715 
921 77 
628 517 
329 46 
388 940 
669 145 
803 701 
448 14 
687 969 
849 465 
875 418 
27 18 
666 80 
751 60 
899 929 
514 330 
729 596 
154 324 
569 578 
190 581 
590 154 
796 307 
358 371 
977 344 
368 371 
965 345 
760 495 
770 880 
336 892 
453 592 
612 111 
453 500 
164 584 
905 537 
87 610 
509 119 
743 546 
677 966 
848 332 
25 418 
758 189 
727 924 
745 871 
71 112 
249 572 
989 303 
973 551 
936 891 
206 537 
371 584 
432 254 
142 833 
893 298 
254 873 
556 314 
830 506 
850 927 
72 205 
881 405 
722 682 
740 948 
510 815 
897 639 
383 307 
841 499 
106 608 
574 859 
150 676 
264 167 
57 532 
94 518 
831 236 
630 617 
633 465 
298 393 
691 790 
259 109 
720 561 
874 454 
298 148 
203 57 
536 901 
270 417 
522 842 
117 54 
178 66 
433 654 
163 285 
392 912 
697 793 
77 791 
244 439 
258 787 
111 7 
113 4 
998 195 
233 278 
524 694 
962 330 
744 877 
188 792 
424 240 
693 682 
309 51 
400 892 
32 458 
100 840 
191 709 
872 333 
337 657 
178 112 
726 602 
221 645 
842 864 
353 388 
577 31 
864 209 
617 732 
848 787 
624 296 
722 979 
625 98 
936 378 
228 157 
294 358 
512 953 
712 214 
600 915 
593 252 
511 33 
713 801 
334 968 
785 525 
421 801 
431 679 
323 141 
842 99 
464 541 
542 789 
347 812 
323 970 
815 223 
539 986 
362 986 
751 311 
850 506 
704 63 
264 501 
397 246 
493 994 
127 698 
773 180 
282 525 
198 704 
87 197 
255 529 
152 915 
760 705 
781 637 
636 512 
265 363 
792 859 
870 671 
438 77 
388 514 
702 362 
167 269 
477 623 
981 190 
942 553 
724 348 
275 664 
441 71 
609 602 
158 275 
804 881 
885 105 
759 253 
261 671 
574 924 
917 821 
335 647 
357 19 
449 363 
517 666 
173 733 
563 184 
56 9 
187 504 
221 498 
438 46 
566 445 
313 738 
829 468 
670 761 
371 140 
2 641 
962 546 
861 194 
23 103 
758 589 
808 41 
909 173 
80 445 
178 339 
652 683 
527 496 
667 655 
505 656 
359 102 
4 124 
950 719 
348 266 
95 460 
908 162 
45 560 
966 212 
543 683 
617 121 
518 151 
738 633 
980 100 
9 989 
482 979 
955 337 
781 476 
265 242 
552 238 
387 303 
484 979 
661 907 
793 854 
960 57 
733 364 
21 899 
615 469 
905 159 
174 381 
559 392 
231 389 
973 9 
971 412 
657 641 
911 909 
349 338 
862 235 
34 185 
694 142 
789 368 
742 912 
310 573 
123 622 
931 882 
748 347 
19 949 
84 980 
148 284 
355 875 
91 521 
81 633 
196 546 
133 130 
531 734 
613 720 
426 71 
237 207 
994 300 
675 160 
848 788 
41 744 
575 756 
843 655 
768 614 
31 325 
968 179 
601 780 
400 173 
63 730 
541 476 
836 218 
560 978 
254 222 
365 646 
307 18 
764 69 
227 837 
453 376 
859 971 
765 89 
609 743 
466 136 
572 947 
209 422 
690 327 
977 319 
370 687 
928 105 
49 330 
63 653 
123 950 
617 464 
118 996 
802 610 
446 706 
514 919 
382 505 
446 884 
367 86 
596 736 
517 79 
345 969 
156 196 
23 340 
90 691 
595 135 
752 232 
956 231 
755 988 
640 934 
670 5 
10 640 
983 792 
353 492 
331 146 
599 684 
186 909 
463 831 
244 86 
791 126 
269 284 
860 712 
370 105 
80 269 
897 301 
531 587 
170 52 
115 119 
725 434 
337 740 
409 658 
43 638 
115 492 
41 330 
846 500 
780 55 
994 528 
624 320 
949 416 
261 964 
593 79 
634 869 
446 891 
695 981 
589 558 
686 428 
194 939 
875 771 
191 77 
309 350 
262 988 
704 6 
580 568 
950 48 
860 363 
277 933 
875 755 
426 351 
248 87 
716 169 
205 261 
283 604 
51 450 
862 785 
989 719 
926 258 
505 448 
983 593 
851 655 
147 425 
655 614 
653 235 
839 488 
377 826 
875 521 
666 456 
396 125 
550 721 
578 203 
780 31 
773 272 
545 920 
366 97 
375 133 
185 469 
11 359 
25 885 
268 310 
883 187 
536 168 
133 659 
863 286 
530 515 
845 753 
882 685 
979 121 
320 119 
945 166 
367 895 
647 877 
8 228 
756 688 
733 869 
810 178 
563 417 
302 434 
224 699 
367 879 
567 392 
745 889 
894 201 
76 431 
341 646 
152 663 
731 198 
556 909 
337 375 
936 880 
42 793 
685 224 
855 153 
159 715 
10 835 
114 158 
791 12 
657 727 
778 175 
953 48 
968 556 
808 172 
912 743 
559 133 
970 540 
205 866 
505 764 
403 305 
918 127 
439 870 
446 81 
184 841 
486 874 
510 868 
281 983 
507 422 
229 812 
499 66 
805 247 
288 891 
72 563 
471 844 
566 167 
28 364 
672 676 
95 800 
667 763 
382 536 
70 677 
458 64 
355 358 
365 859 
708 185 
421 728 
705 801 
905 456 
512 602 
838 348 
398 544 
375 28 
415 187 
166 533 
121 842 
221 474 
912 902 
180 504 
837 222 
626 59 
330 100 
90 907 
379 449 
62 312 
881 811 
369 400 
565 799 
492 135 
786 178 
451 955 
766 156 
214 411 
541 126 
654 666 
263 147 
982 827 
745 644 
304 108 
194 486 
293 206 
583 507 
373 21 
710 537 
44 245 
709 781 
88 228 
788 615 
645 300 
981 302 
876 181 
139 53 
835 232 
172 417 
727 623 
195 166 
54 230 
55 430 
484 99 
995 30 
843 345 
880 535 
884 842 
770 940 
812 424 
893 372 
81 827 
406 624 
178 417 
461 710 
258 240 
358 652 
272 565 
593 311 
813 946 
121 430 
953 46 
124 542 
988 278 
271 472 
268 835 
74 804 
833 566 
544 207 
720 114 
466 934 
497 59 
114 9 
294 304 
877 396 
689 973 
817 395 
467 890 
491 993 
866 861 
62 689 
441 481 
841 267 
67 809 
837 813 
123 629 
316 30 
602 298 
36 500 
970 702 
373 675 
789 339 
210 19 
851 926 
13 594 
241 70 
874 332 
805 448 
799 81 
79 381 
652 473 
179 400 
407 839 
497 263 
923 308 
159 469 
509 486 
797 837 
833 64 
421 773 
254 741 
227 108 
494 587 
404 662 
174 778 
508 19 
365 652 
871 351 
481 306 
622 922 
928 421 
170 143 
824 833 
862 745 
810 662 
384 146 
957 33 
690 996 
986 844 
946 34 
881 857 
748 518 
539 1 
777 127 
842 735 
514 456 
897 735 
53 544 
513 180 
229 354 
572 605 
502 595 
118 291 
211 320 
46 168 
678 573 
318 879 
201 78 
294 206 
971 655 
525 991 
584 135 
775 675 
190 527 
671 775 
68 235 
747 484 
320 387 
777 684 
547 908 
888 697 
107 852 
320 274 
704 769 
151 496 
595 77 
97 27 
197 552 
817 759 
54 387 
636 106 
706 905 
753 214 
887 691 
97 462 
450 95 
108 546 
760 947 
754 875 
154 937 
320 927 
285 309 
793 837 
119 229 
218 91 
902 886 
265 398 
176 614 
539 96 
864 470 
970 239 
558 30 
351 127 
883 44 
893 178 
436 594 
866 118 
370 60 
19 912 
890 861 
505 969 
199 572 
248 986 
105 735 
917 838 
534 300 
918 208 
477 338 
396 445 
847 978 
530 116 
688 317 
961 138 
901 121 
402 811 
89 917 
572 581 
279 424 
88 791 
374 57 
214 374 
143 81 
596 793 
68 19 
109 169 
580 348 
833 495 
133 721 
86 163 
95 134 
724 664 
274 539 
25 994 
190 233 
654 489 
905 401 
877 626 
587 711 
675 943 
207 165 
613 638 
19 229 
859 171 
859 943 
373 959 
167 87 
704 128 
216 221 
477 789 
184 297 
170 28 
671 384 
361 947 
469 812 
585 242 
945 45 
441 307 
804 929 
137 536 
143 877 
637 56 
922 346 
186 688 
306 624 
879 395 
539 370 
687 422 
14 104 
198 792 
690 59 
672 663 
971 379 
521 679 
110 28 
813 720 
960 104 
529 312 
319 625 
33 857 
82 733 
869 326 
133 638 
704 555 
342 936 
876 569 
354 230 
85 621 
970 907 
660 21 
546 215 
334 828 
356 834 
343 23 
99 692 
659 136 
431 641 
211 811 
233 350 
416 326 
864 231 
442 95 
701 974 
801 19 
649 276 
50 615 
73 451 
388 892 
312 495 
1 952 
890 429 
271 79 
390 82 
175 516 
522 21 
690 542 
436 278 
705 789 
791 813 
184 976 
581 675 
681 744 
386 377 
381 169 
933 502 
307 441 
628 40 
725 684 
715 870 
392 688 
47 501 
811 492 
861 956 
131 699 
700 261 
202 610 
277 37 
7 252 
337 609 
725 560 
227 618 
168 732 
234 633 
1 241 
33 254 
796 766 
616 493 
385 395 
3 910 
130 177 
433 348 
130 58 
526 907 
560 561 
640 371 
646 928 
992 916 
837 226 
719 213 
622 551 
121 646 
871 760 
262 750 
697 670 
225 981 
559 533 
447 901 
931 302 
520 971 
384 698 
747 286 
857 780 
63 426 
74 667 
626 57 
635 745 
84 332 
977 962 
306 229 
115 957 
313 262 
836 351 
379 946 
85 102 
625 531 
891 785 
452 31 
122 2 
140 131 
498 233 
903 535 
408 899 
784 974 
505 330 
742 477 
725 621 
199 189 
205 223 
25 99 
378 924 
322 630 
439 260 
488 805 
855 410 
162 519 
759 796 
177 223 
28 21 
579 177 
72 894 
521 468 
557 501 
301 19 
993 311 
742 414 
683 585 
546 288 
262 484 
231 328 
100 207 
919 204 
370 519 
812 597 
161 476 
924 142 
979 753 
940 42 
25 263 
234 122 
682 673 
623 451 
648 412 
788 465 
58 319 
988 819 
99 175 
971 33 
729 998 
379 365 
842 188 
325 988 
116 208 
881 54 
203 931 
351 388 
762 66 
514 517 
897 620 
821 356 
598 697 
147 890 
263 451 
718 841 
401 954 
427 511 
646 678 
666 636 
700 644 
557 314 
824 952 
986 845 
700 731 
90 661 
509 768 
166 749 
908 487 
131 3 
123 200 
847 567 
93 12 
40 545 
960 769 
679 354 
920 991 
65 778 
22 159 
605 366 
464 764 
799 586 
98 892 
241 528 
302 318 
639 583 
434 743 
169 450 
951 463 
915 454 
306 356 
244 481 
204 693 
543 720 
766 518 
128 566 
18 412 
199 926 
429 277 
363 281 
664 498 
452 379 
625 947 
284 825 
505 8 
372 498 
501 443 
548 574 
159 545 
848 362 
197 671 
173 370 
96 177 
357 942 
142 283 
79 256 
204 98 
554 384 
804 218 
267 906 
884 317 
612 362 
213 738 
262 412 
869 683 
131 236 
700 570 
537 611 
272 210 
363 481 
576 52 
487 644 
704 181 
35 747 
617 936 
921 603 
471 113 
758 596 
299 341 
776 734 
608 57 
536 789 
601 916 
630 904 
167 39 
158 751 
310 19 
665 79 
479 544 
24 417 
121 802 
693 369 
412 875 
268 521 
437 394 
282 619 
691 815 
348 50 
808 975 
40 160 
805 674 
918 189 
342 549 
539 755 
161 168 
876 84 
746 156 
318 294 
232 475 
876 63 
663 602 
29 399 
582 39 
751 896 
148 542 
31 478 
853 759 
599 573 
161 170 
876 605 
502 322 
196 22 
865 862 
211 952 
235 593 
196 501 
303 227 
854 974 
466 573 
693 163 
687 788 
723 812 
835 751 
842 528 
38 179 
622 432 
490 36 
579 683 
468 947 
421 173 
78 224 
43 468 
566 431 
499 525 
602 774 
952 518 
95 539 
487 8 
357 953 
541 407 
746 285 
855 620 
10 409 
347 689 
466 861 
866 707 
139 363 
710 518 
311 191 
58 986 
833 775 
714 756 
18 839 
399 205 
105 585 
588 291 
370 640 
140 31 
922 793 
725 150 
352 407 
455 634 
585 596 
435 774 
16 153 
790 57 
899 22 
50 13 
98 171 
187 344 
656 273 
732 266 
256 135 
824 561 
573 340 
607 651 
946 388 
205 659 
10 401 
272 236 
717 323 
214 686 
438 930 
644 890 
222 670 
22 339 
787 473 
967 384 
900 187 
982 799 
286 532 
46 85 
336 311 
529 811 
988 392 
927 645 
652 544 
190 45 
450 694 
708 397 
194 550 
963 85 
250 395 
776 265 
850 307 
488 758 
328 412 
40 652 
138 203 
158 197 