18 188 
386 735 
559 767 
914 9 
199 172 
960 810 
127 843 
417 654 
417 92 
762 841 
939 192 
468 275 
369 60 
223 519 
938 222 
458 321 
618 359 
738 645 
783 405 
603 429 
669 735 
161 265 
405 790 
791 167 
532 942 
695 530 
648 258 
301 758 
423 223 
97 840 
53 615 
627 598 
542 21 
4 43 
387 909 
6 987 
85 374 
190 595 
869 755 
395 22 
219 484 
319 903 
87 166 
469 147 
340 595 
964 739 
82 893 
314 814 
99 17 
18 362 
73 292 
969 438 
756 125 
562 235 
682 624 
218 870 
138 776 
89 429 
918 996 
93 238 
393 991 
807 246 
682 648 
854 276 
488 288 
953 177 
662 97 
495 562 
929 977 
262 121 
405 652 
936 300 
101 351 
613 397 
325 129 
820 699 
888 563 
817 36 
572 695 
696 63 
771 268 
829 804 
109 884 
85 269 
792 932 
909 108 
11 141 
959 968 
305 699 
451 747 
459 812 
364 834 
833 323 
984 270 
251 709 
35 586 
553 919 
348 963 
683 812 
801 530 