515 799 
267 49 
314 266 
664 304 
325 766 
892 250 
493 174 
573 634 
887 491 
306 94 
373 583 
11 452 
587 645 
959 545 
234 560 
366 733 
563 500 
477 203 
316 16 
924 379 
475 872 
771 107 
457 755 
60 68 
146 481 
309 275 
427 103 
5 571 
816 456 
605 581 
831 329 
325 8 
40 176 
85 68 
890 859 
401 975 
297 759 
660 640 
366 712 
188 93 
407 74 
6 763 
339 179 
260 508 
970 863 
730 145 
128 861 
797 361 
186 990 
176 587 
788 318 
288 327 
526 108 
117 492 
734 209 
240 555 
106 306 
172 119 
516 987 
128 595 
369 365 
164 11 
498 957 
103 271 
907 872 
676 180 
369 597 
714 726 
848 669 
100 732 
19 311 
976 615 
298 941 
509 877 
144 79 
688 516 
127 59 
367 427 
480 525 
582 531 
759 107 
480 483 
933 238 
689 518 
760 116 
909 46 
511 354 
343 625 
918 776 
426 660 
629 185 
313 9 
863 421 
427 833 
361 449 
478 500 
811 608 
85 842 
554 371 
597 504 
913 509 
553 938 
397 435 
754 920 
363 40 
341 777 
726 649 
759 970 
313 621 
524 287 
492 618 
24 394 
99 960 
520 317 
760 46 
321 234 
62 440 
697 646 
778 423 
709 891 
458 468 
141 691 
98 721 
416 619 
120 389 
714 873 
207 339 
190 251 
206 10 
711 75 
640 602 
839 440 
443 17 
299 418 
132 653 
813 908 
49 464 
825 633 
886 477 
540 537 
572 149 
200 226 
530 507 
409 167 
714 83 
749 547 
828 544 
88 618 
200 213 
631 248 
331 138 
62 704 
437 165 
795 161 
791 972 
23 135 
757 999 
812 237 
40 904 
808 482 
23 545 
324 565 
82 654 
335 727 
389 816 
701 549 
511 466 
182 112 
798 308 
538 422 
603 590 
227 90 
357 467 
497 310 
857 117 
86 714 
217 660 
594 619 
797 484 
975 948 
647 555 
499 902 
475 305 
127 25 
788 824 
910 246 
650 826 
904 115 
618 181 
497 695 
365 305 
353 142 
209 614 
36 911 
908 797 
66 157 
471 431 
526 707 
156 606 
847 449 
763 646 
86 698 
170 264 
768 653 
638 41 
244 808 
348 765 
479 635 
252 898 
81 387 
434 288 
372 201 
272 839 
81 660 
874 630 
494 482 
715 918 
408 296 
866 813 
81 283 
661 762 
684 535 
182 127 
124 293 
794 922 
851 969 
686 508 
165 569 
914 945 
320 755 
442 802 
894 70 
194 257 
458 553 
223 274 
725 807 
563 596 
739 821 
985 779 
252 436 
690 685 
287 307 
227 873 
454 378 
565 960 
896 124 
274 408 
214 94 
850 460 
135 86 
341 873 
105 664 
902 458 
414 843 
940 347 
575 309 
856 884 
114 250 
647 838 
718 663 
810 130 
213 168 
761 499 
19 747 
806 115 
983 119 
895 425 
52 466 
539 806 
853 313 
686 511 
177 835 
951 936 
350 300 
480 198 
604 53 
670 162 
391 820 
299 468 
144 239 
614 360 
643 21 
104 526 
497 614 
863 3 
588 681 
667 216 
224 924 
388 62 
283 396 
194 567 
159 897 
742 389 
781 511 
749 53 
581 666 
824 670 
244 239 
18 556 
948 480 
585 622 
172 652 
713 583 
97 174 
971 490 
696 844 
204 583 
169 353 
249 286 
918 404 
204 232 
384 963 
297 267 
951 20 
85 62 
880 399 
117 989 
626 84 
824 639 
383 481 
339 816 
970 952 
675 772 
835 873 
488 48 
758 805 
957 980 
367 614 
980 670 
135 763 
47 273 
10 471 
143 257 
205 134 
222 883 
427 729 
728 885 
523 248 
757 617 
482 988 
106 382 
477 194 
926 557 
248 101 
545 554 
867 174 
190 865 
423 966 
733 343 
282 154 
280 830 
436 911 
338 586 
495 759 
50 499 
4 583 
474 650 
829 446 
33 162 
985 788 
850 983 
473 552 
393 12 
769 144 
243 610 
807 706 
188 339 
625 316 
527 576 
777 840 
780 633 
380 264 
712 457 
739 470 
145 461 
588 336 
196 721 
971 44 
373 226 
162 95 
462 207 
928 213 
60 22 
939 7 
679 801 
704 851 
259 98 
822 461 
116 745 
679 161 
146 388 
55 903 
533 198 
884 502 
468 901 
564 376 
451 56 
544 784 
620 249 
328 804 
301 566 
723 484 
294 615 
517 162 
597 419 
37 653 
295 238 
532 603 
279 419 
427 534 
401 119 
306 727 
570 135 
262 277 
564 530 
227 437 
81 463 
657 795 
793 197 
375 82 
46 335 
263 16 
277 697 
465 40 
115 190 
879 300 
774 215 
941 414 
949 927 
165 503 
12 160 
996 778 
330 900 
666 722 
281 584 
355 550 
903 257 
545 21 
878 265 
994 40 
74 453 
976 741 
168 784 
931 481 
725 660 
21 791 
914 103 
357 469 
440 916 
284 76 
318 865 
168 300 
847 366 
88 362 
702 681 
377 74 
34 206 
118 679 
734 52 
435 829 
986 47 
790 380 
39 972 
708 799 
593 734 
434 9 
310 784 
38 444 
401 96 
602 597 
153 617 
397 583 
342 116 
536 509 
380 887 
695 950 
573 724 
778 447 
472 585 
186 745 
872 743 
96 807 
775 74 
91 644 
809 476 
840 147 
643 573 
430 503 
114 221 
685 516 
456 570 
254 135 
68 957 
442 867 
738 207 
453 589 
162 348 
173 640 
412 815 
549 143 
60 776 
859 166 
686 953 
605 459 
647 699 
653 62 
950 569 
234 2 
872 165 
288 882 
898 871 
40 379 
755 702 
242 437 
894 222 
307 290 
919 152 
913 762 
923 135 
553 841 
155 218 
684 360 
368 431 
62 518 
124 785 
762 785 
124 91 
666 185 
436 811 
157 715 
223 72 
540 223 
238 373 
759 156 
25 172 
894 764 
932 782 
100 823 
680 488 
623 432 
805 853 
240 930 
629 944 
979 892 
170 658 
392 128 
379 506 
52 66 
55 208 
821 558 
682 163 
185 309 
794 605 
498 837 
693 786 
213 942 
443 432 
179 200 
558 467 
404 579 
891 636 
947 919 
605 216 
580 147 
368 738 
696 304 
521 4 
610 815 
190 987 
378 222 
201 582 
907 528 
503 961 
823 915 
475 350 
707 663 
229 944 
294 478 
233 452 
142 308 
358 244 
535 75 
239 440 
400 319 
886 20 
870 573 
63 213 
18 24 
361 177 
534 763 
607 262 
169 736 
521 813 
901 728 
763 69 
899 503 
462 492 
364 994 
878 554 
372 997 
545 752 
942 495 
514 902 
723 449 
725 494 
81 783 
605 504 
548 564 
279 780 
276 93 
556 611 
897 879 
970 936 
972 524 
815 56 
507 760 
395 163 
237 982 
36 135 
668 443 
850 167 
711 955 
923 990 
856 584 
514 597 
570 374 
663 577 
898 393 
654 900 
274 587 
562 99 
132 179 
165 952 
988 120 
299 207 
351 520 
186 853 
286 523 
810 506 
952 656 
520 184 
291 741 
56 758 
58 106 
655 285 
210 718 
941 864 
401 329 
6 376 
38 267 
142 606 
847 956 
616 483 
368 786 
338 486 
812 13 
649 612 
723 842 
216 514 
547 954 
204 882 
900 572 
580 589 
280 886 
487 46 
909 21 
466 137 
82 338 
448 738 
508 428 
857 230 
7 207 
250 953 
594 356 
981 241 
977 831 
306 365 
444 424 
584 767 
362 91 
113 982 
139 665 
835 25 
392 95 
877 463 
349 740 
925 144 
387 86 
842 841 
3 796 
54 114 
59 572 
786 361 
595 274 
140 481 
304 217 
403 62 
159 370 
411 847 
766 576 
916 261 
784 303 
380 40 
43 845 
970 925 
86 232 
221 955 
511 476 
652 374 
638 326 
921 964 
217 280 
898 10 
516 626 
96 419 
450 36 
317 685 
601 130 
643 975 
137 565 
852 520 
84 438 
574 617 
489 864 
219 843 
416 543 
922 293 
957 988 
452 911 
440 352 
748 770 
452 797 
789 481 
919 370 
336 659 
823 409 
563 505 
932 806 
911 818 
726 574 
199 483 
949 96 
434 857 
873 843 
161 700 
634 75 
940 717 
878 65 
337 646 
898 603 
551 267 
329 354 
10 791 
779 18 
994 776 
857 583 
663 842 
865 893 
423 565 
908 628 
573 388 
333 520 
265 481 
210 723 
415 159 
525 744 
550 635 
326 10 
720 969 
449 578 
844 862 
452 843 
566 747 
861 921 
572 165 
183 860 
513 948 
524 558 
199 532 
230 602 
155 494 
170 282 
867 913 
806 235 
628 600 
656 894 
617 396 
995 109 
345 803 
72 284 
134 123 
852 834 
924 853 
590 928 
277 385 
219 565 
502 478 
702 38 
77 121 
839 530 
171 421 
686 285 
285 111 
121 990 
338 209 
463 233 
753 917 
990 510 
996 977 
973 363 
490 315 
654 970 
552 758 
594 174 
854 208 
841 903 
766 120 
92 175 
470 265 
829 641 
517 457 
655 212 
892 639 
555 209 
920 24 
842 321 
796 739 
748 146 
936 208 
494 668 
416 57 
483 735 
670 825 
933 242 
800 505 
716 588 
234 698 
184 582 
373 13 
926 191 
141 825 
859 994 
879 50 
285 384 
163 992 
103 610 
173 316 
593 399 
497 499 
553 255 
527 611 
129 291 
918 854 
809 168 
762 757 
169 530 
288 258 
454 308 
837 693 
875 542 
222 569 
738 811 
849 737 
156 641 
778 767 
347 573 
981 657 
756 985 
462 362 
24 286 
354 468 
217 361 
992 791 
842 746 
66 676 
409 111 
382 798 
554 322 
912 375 
207 720 
358 197 
169 768 
475 954 
293 250 
631 328 
33 16 
61 430 
397 165 
912 436 
287 248 
873 129 
20 238 
669 880 
554 343 
711 517 
211 148 
811 864 
796 22 
818 948 
582 983 
852 62 
953 754 
34 136 
339 107 
321 817 
25 792 
281 684 
159 773 
322 51 
393 658 
876 524 
927 492 
411 393 
957 901 
787 7 
594 72 
446 402 
314 669 
55 826 
758 99 
32 138 
711 773 
771 795 
846 923 
845 123 
177 948 
189 998 
83 382 
60 727 
793 257 
795 776 
392 325 
339 781 
9 444 
250 196 
884 924 
793 559 
108 769 
961 252 
820 847 
297 433 
760 494 
404 6 
724 239 
726 85 
188 523 
319 683 
637 610 
158 909 
335 525 
765 152 
547 460 
407 998 
111 285 
893 798 
474 98 
704 209 
104 277 
826 841 
726 909 
729 549 
416 440 
412 332 
435 764 
485 276 
707 694 
865 801 
488 28 
816 708 
947 837 
155 582 
437 526 
951 403 
970 205 
662 869 
677 704 
528 120 
917 397 
979 170 
695 751 
377 480 
982 739 
778 339 
548 316 
269 338 
914 871 
823 660 
924 308 
927 388 
370 701 
29 130 
621 603 
844 942 
525 298 
810 530 
75 540 
749 36 
567 698 
365 540 
417 225 